-1.281217825103758923e+00 0.000000000000000000e+00
1.441434244856203417e+00 0.000000000000000000e+00
1.852939790801683362e+00 0.000000000000000000e+00
1.000000000000000000e+00 0.000000000000000000e+00
1.000000000000000000e+00 0.000000000000000000e+00
-7.831294767013242009e+00 -1.518471918734606518e+00
-8.491560200404180137e+00 -3.978682739797309242e+00
5.199296660233070355e+00 8.786650730033821688e+00
-4.562573574019892497e-01 -4.562573574019892497e-01
0.000000000000000000e+00 -1.897691602258192667e+00
0.000000000000000000e+00 1.541314168919328154e+00
0.000000000000000000e+00 1.000000000000000000e+00
0.000000000000000000e+00 1.000000000000000000e+00
