7.793196846536420530e+00 0.000000000000000000e+00
4.067141997348100446e-01 0.000000000000000000e+00
5.625692237363750792e-01 0.000000000000000000e+00
1.000000000000000000e+00 0.000000000000000000e+00
1.000000000000000000e+00 0.000000000000000000e+00
7.035991699930384868e+00 3.469618462898143907e+00
1.073142322373442781e+01 9.538212434753951641e+00
-6.289643638718944274e+00 -5.955517796718135415e+00
2.160415693771486900e+00 2.160415693771486900e+00
0.000000000000000000e+00 1.753701494036676856e+00
0.000000000000000000e+00 -1.664456227898711393e+00
0.000000000000000000e+00 -1.000000000000000000e+00
0.000000000000000000e+00 1.000000000000000000e+00
