4.021362126118554592e+00 0.000000000000000000e+00
-1.117985030118995748e+00 0.000000000000000000e+00
1.566000014776882221e+00 0.000000000000000000e+00
1.000000000000000000e+00 0.000000000000000000e+00
1.000000000000000000e+00 0.000000000000000000e+00
4.966824727576134357e+00 7.474852813306211985e-01
1.849151094698183950e+00 1.800628055611301015e+00
8.557621293150798891e+00 8.638259204546656633e+00
-1.702128692881310634e-01 -1.702128692881310634e-01
0.000000000000000000e+00 9.477721608308646850e-01
0.000000000000000000e+00 -1.282547064397326686e+00
0.000000000000000000e+00 -1.000000000000000000e+00
0.000000000000000000e+00 1.000000000000000000e+00
