1.831307314002367459e+00 0.000000000000000000e+00
-1.964026041070153106e+00 0.000000000000000000e+00
2.376546244320310031e-01 0.000000000000000000e+00
1.000000000000000000e+00 0.000000000000000000e+00
1.000000000000000000e+00 0.000000000000000000e+00
-9.666027784775385712e+00 -3.957530471311269338e+00
-1.199350476854584358e+01 -1.100944151530423909e+01
7.247914822125193446e+00 6.259834238393606753e+00
-2.789038342565183015e+00 -2.789038342565183015e+00
0.000000000000000000e+00 -8.250123014950299094e-01
0.000000000000000000e+00 -2.507056957422402199e-01
0.000000000000000000e+00 -1.000000000000000000e+00
0.000000000000000000e+00 1.000000000000000000e+00
