-7.781546971858957384e+00 0.000000000000000000e+00
-1.321862398859013243e+00 0.000000000000000000e+00
-6.884290644231816358e-01 0.000000000000000000e+00
-1.000000000000000000e+00 0.000000000000000000e+00
1.000000000000000000e+00 0.000000000000000000e+00
-3.796758505393145633e+00 8.404703590773796584e-01
-2.290085235559853327e+00 9.893410059890581643e-01
9.477163700549102288e+00 9.909986177284441311e+00
-2.779587229260985559e+00 -2.779587229260985559e+00
0.000000000000000000e+00 -1.457724830401972316e+00
0.000000000000000000e+00 -1.761771094056268527e+00
0.000000000000000000e+00 -1.000000000000000000e+00
0.000000000000000000e+00 1.000000000000000000e+00
