5.289651291465262695e+00 0.000000000000000000e+00
6.208270395493244997e-01 0.000000000000000000e+00
7.677569484385182719e-02 0.000000000000000000e+00
1.000000000000000000e+00 0.000000000000000000e+00
1.000000000000000000e+00 0.000000000000000000e+00
-2.728690717954430411e+00 1.197269176662624446e+00
3.465780124690074349e+00 3.326732095184259830e+00
-8.787465199243289504e+00 -9.180826912868432998e+00
8.338978838192487864e-01 8.338978838192487864e-01
0.000000000000000000e+00 2.130708442699242866e-01
0.000000000000000000e+00 9.572693369763918270e-02
0.000000000000000000e+00 1.000000000000000000e+00
0.000000000000000000e+00 1.000000000000000000e+00
