-4.858404441248200811e+00 0.000000000000000000e+00
1.326020475840373969e+00 0.000000000000000000e+00
-1.749221223731563857e+00 0.000000000000000000e+00
-1.000000000000000000e+00 0.000000000000000000e+00
1.000000000000000000e+00 0.000000000000000000e+00
-5.621265749719749572e+00 -2.718299091196307860e+00
-3.499461709343067994e+00 -6.080720035348116781e+00
-6.300892609085946283e+00 -6.808099730232320290e+00
1.787569231606634723e+00 1.787569231606634723e+00
0.000000000000000000e+00 4.615487557662607543e-01
0.000000000000000000e+00 -4.752457451863003612e-01
0.000000000000000000e+00 -1.000000000000000000e+00
0.000000000000000000e+00 1.000000000000000000e+00
