9.588553917430710172e+00 0.000000000000000000e+00
1.735594580312456170e+00 0.000000000000000000e+00
6.354932940165203270e-01 0.000000000000000000e+00
1.000000000000000000e+00 0.000000000000000000e+00
1.000000000000000000e+00 0.000000000000000000e+00
3.509522424629560433e+00 4.142579827732236986e+00
1.124104533632660363e+01 1.125913313926760573e+01
5.808644279195962490e-01 -5.492802273989572104e-01
2.256708924842532493e+00 2.256708924842532493e+00
0.000000000000000000e+00 5.211143445300763233e-01
0.000000000000000000e+00 -2.718770721632002285e-01
0.000000000000000000e+00 -1.000000000000000000e+00
0.000000000000000000e+00 1.000000000000000000e+00
