9.286579774597155890e+00 0.000000000000000000e+00
1.500662481661965142e+00 0.000000000000000000e+00
3.708324144418462254e-02 0.000000000000000000e+00
1.000000000000000000e+00 0.000000000000000000e+00
1.000000000000000000e+00 0.000000000000000000e+00
-3.038876710229005518e+00 -2.246460990942050984e+00
-3.382739867299827008e+00 -4.454368416801369079e+00
-7.847016490092877383e+00 -6.800837441616381263e+00
2.904460151384384403e+00 2.904460151384384403e+00
0.000000000000000000e+00 1.403797669722419261e+00
0.000000000000000000e+00 -8.925736293582073877e-01
0.000000000000000000e+00 -1.000000000000000000e+00
0.000000000000000000e+00 1.000000000000000000e+00
