-3.411487337262428254e-01 0.000000000000000000e+00
9.771492845188789467e-01 0.000000000000000000e+00
1.596386600607602180e+00 0.000000000000000000e+00
1.000000000000000000e+00 0.000000000000000000e+00
1.000000000000000000e+00 0.000000000000000000e+00
-1.697171208020071598e+00 2.630259017418492995e+00
8.220926202670646887e+00 7.382629539221287729e+00
-5.102314501659523494e+00 -7.503121967569980733e+00
2.017454989187641434e+00 2.017454989187641434e+00
0.000000000000000000e+00 1.040305704668762488e+00
0.000000000000000000e+00 5.643206329459036219e-01
0.000000000000000000e+00 1.000000000000000000e+00
0.000000000000000000e+00 1.000000000000000000e+00
