1.988407597927968729e+00 0.000000000000000000e+00
-4.001261338470580853e-01 0.000000000000000000e+00
3.786913980286876757e-01 0.000000000000000000e+00
1.000000000000000000e+00 0.000000000000000000e+00
1.000000000000000000e+00 0.000000000000000000e+00
-7.848963639615531562e+00 -2.754403420381217327e+00
-7.212843473800404581e+00 -6.747248340499011121e+00
6.602780495963973983e+00 7.119893542045732104e+00
3.469005261350757152e-01 3.469005261350757152e-01
0.000000000000000000e+00 7.470266599821338005e-01
0.000000000000000000e+00 -1.539612780621629540e+00
0.000000000000000000e+00 -1.000000000000000000e+00
0.000000000000000000e+00 1.000000000000000000e+00
