8.586465025563947862e+00 0.000000000000000000e+00
-3.855524049008001164e-01 0.000000000000000000e+00
4.577449617720596997e-01 0.000000000000000000e+00
1.000000000000000000e+00 0.000000000000000000e+00
1.000000000000000000e+00 0.000000000000000000e+00
2.844526095691584544e+00 4.926230004449578814e-01
1.863779351589656574e+00 1.699274257091223372e+00
-1.068180106849217559e+01 -9.605249137954263716e+00
1.169291889947072338e+00 1.169291889947072338e+00
0.000000000000000000e+00 1.554844294847872455e+00
0.000000000000000000e+00 -1.813334714883848342e+00
0.000000000000000000e+00 -1.000000000000000000e+00
0.000000000000000000e+00 1.000000000000000000e+00
