2.527453568488580160e+00 0.000000000000000000e+00
1.559065445287656004e+00 0.000000000000000000e+00
-1.981351754642515672e+00 0.000000000000000000e+00
-1.000000000000000000e+00 0.000000000000000000e+00
1.000000000000000000e+00 0.000000000000000000e+00
1.011500466973498114e+01 3.839206471583497926e+00
1.309564984632472751e+01 1.024203480726437476e+01
2.092454018937107030e+00 5.058751176286317985e+00
1.610046570764090745e+00 1.610046570764090745e+00
0.000000000000000000e+00 5.098112547643474102e-02
0.000000000000000000e+00 -8.599787900738364854e-01
0.000000000000000000e+00 -1.000000000000000000e+00
0.000000000000000000e+00 1.000000000000000000e+00
