9.456812409556553334e+00 0.000000000000000000e+00
-3.876409211740279304e-01 0.000000000000000000e+00
-1.150154846723341784e+00 0.000000000000000000e+00
-1.000000000000000000e+00 0.000000000000000000e+00
1.000000000000000000e+00 0.000000000000000000e+00
-2.183845214441020310e+00 -6.310775227011602428e-01
-2.758210915434137878e+00 -2.426016016725784930e+00
-1.240229233341312920e+01 -9.213639339851535937e+00
-2.120805524932211306e+00 -2.120805524932211306e+00
0.000000000000000000e+00 -1.733164603758183375e+00
0.000000000000000000e+00 -1.309706879818783420e+00
0.000000000000000000e+00 -1.000000000000000000e+00
0.000000000000000000e+00 1.000000000000000000e+00
