4.924645206931327124e+00 0.000000000000000000e+00
-1.913067186942406739e+00 0.000000000000000000e+00
6.151710477059313398e-01 0.000000000000000000e+00
1.000000000000000000e+00 0.000000000000000000e+00
1.000000000000000000e+00 0.000000000000000000e+00
2.919913136392100039e+00 -1.445330851848970477e+00
-3.539827384368690488e+00 -5.028732820850746243e+00
7.625736356002951410e+00 8.627596353777686744e+00
-3.538514228070803735e+00 -3.538514228070803735e+00
0.000000000000000000e+00 -1.625447041128396997e+00
0.000000000000000000e+00 1.600533965886334897e-01
0.000000000000000000e+00 1.000000000000000000e+00
0.000000000000000000e+00 1.000000000000000000e+00
