-1.963164453967335410e+00 0.000000000000000000e+00
-1.506412706210855657e+00 0.000000000000000000e+00
1.913616798637783667e+00 0.000000000000000000e+00
1.000000000000000000e+00 0.000000000000000000e+00
1.000000000000000000e+00 0.000000000000000000e+00
-1.034518705618824264e+01 -4.795255081559222532e+00
-1.388782623174781250e+01 -1.298171202028374616e+01
-2.056476738397719384e+00 -1.074731329722918183e+00
-2.483935790964221013e+00 -2.483935790964221013e+00
0.000000000000000000e+00 -9.775230847533653566e-01
0.000000000000000000e+00 -9.213226539911509860e-01
0.000000000000000000e+00 -1.000000000000000000e+00
0.000000000000000000e+00 1.000000000000000000e+00
