8.722254045813073731e+00 0.000000000000000000e+00
1.751270846727296160e+00 0.000000000000000000e+00
-1.844868909239019583e+00 0.000000000000000000e+00
-1.000000000000000000e+00 0.000000000000000000e+00
1.000000000000000000e+00 0.000000000000000000e+00
1.771062737134989407e+00 3.528370186776498496e+00
9.909270655996680333e+00 9.757562807240633518e+00
7.499323331976466278e-01 -5.878324846974658513e-01
2.341593350748466307e+00 2.341593350748466307e+00
0.000000000000000000e+00 5.903225040211701469e-01
0.000000000000000000e+00 6.918473468222456901e-01
0.000000000000000000e+00 1.000000000000000000e+00
0.000000000000000000e+00 1.000000000000000000e+00
