8.645438835923782150e+00 0.000000000000000000e+00
3.783921528157399017e-01 0.000000000000000000e+00
-1.858625784111474832e+00 0.000000000000000000e+00
-1.000000000000000000e+00 0.000000000000000000e+00
1.000000000000000000e+00 0.000000000000000000e+00
-1.183332143369153044e+00 2.697598996273855576e-01
3.557294303174721950e+00 1.605116736237628405e+00
-9.217142101919236552e+00 -8.231529187204845499e+00
2.326792467922910390e+00 2.326792467922910390e+00
0.000000000000000000e+00 1.948400315107170488e+00
0.000000000000000000e+00 -6.581674623991640161e-02
0.000000000000000000e+00 -1.000000000000000000e+00
0.000000000000000000e+00 1.000000000000000000e+00
