2.821159441010582025e+00 0.000000000000000000e+00
-1.240990522739535251e+00 0.000000000000000000e+00
-1.728829557844293152e+00 0.000000000000000000e+00
-1.000000000000000000e+00 0.000000000000000000e+00
1.000000000000000000e+00 0.000000000000000000e+00
7.723875871594739095e+00 3.316729309957850091e+00
7.905599295072280874e+00 7.869655237780683876e+00
8.206365144799354638e-02 1.735584429291685549e+00
-1.055420092784855157e+00 -1.055420092784855157e+00
0.000000000000000000e+00 1.855704299546800939e-01
0.000000000000000000e+00 -4.174352875448894551e-02
0.000000000000000000e+00 -1.000000000000000000e+00
0.000000000000000000e+00 1.000000000000000000e+00
