9.664423156606757104e+00 0.000000000000000000e+00
-1.244905884347656588e+00 0.000000000000000000e+00
-1.040365213244426990e+00 0.000000000000000000e+00
-1.000000000000000000e+00 0.000000000000000000e+00
1.000000000000000000e+00 0.000000000000000000e+00
4.273897199730035901e+00 2.846541576467782608e+00
8.694647381117245999e+00 6.524529754782966151e+00
5.242862618195027302e+00 5.006881464712391150e+00
-1.479560465966230254e+00 -1.479560465966230254e+00
0.000000000000000000e+00 -2.346545816185736655e-01
0.000000000000000000e+00 -9.863236497331651087e-01
0.000000000000000000e+00 -1.000000000000000000e+00
0.000000000000000000e+00 1.000000000000000000e+00
