-9.000000000000000000e+01
0.000000000000000000e+00
-9.000000000000000000e+01
-2.779179999999999984e-01
-9.000000000000000000e+01
-2.000000000000000000e+01
-9.000000000000000000e+01
-2.000000000000000000e+01
-9.000000000000000000e+01
-2.000000000000000000e+01
-9.000000000000000000e+01
-2.000000000000000000e+01
-9.000000000000000000e+01
-2.000000000000000000e+01
-9.000000000000000000e+01
-2.000000000000000000e+01
-9.000000000000000000e+01
-2.000000000000000000e+01
-9.000000000000000000e+01
-2.000000000000000000e+01
-9.000000000000000000e+01
-2.000000000000000000e+01
-9.000000000000000000e+01
-2.000000000000000000e+01
-9.000000000000000000e+01
-2.000000000000000000e+01
-9.000000000000000000e+01
-2.000000000000000000e+01
-9.000000000000000000e+01
-2.000000000000000000e+01
-9.000000000000000000e+01
-2.000000000000000000e+01
-9.000000000000000000e+01
-2.000000000000000000e+01
-9.000000000000000000e+01
-2.000000000000000000e+01
-9.000000000000000000e+01
-2.000000000000000000e+01
-9.000000000000000000e+01
-2.000000000000000000e+01
-9.000000000000000000e+01
-2.000000000000000000e+01
-9.000000000000000000e+01
-2.000000000000000000e+01
-7.016700299999999402e+01
-2.000000000000000000e+01
-3.072871599999999859e+01
-2.000000000000000000e+01
-3.476505699999999877e+01
-2.000000000000000000e+01
-3.850609699999999691e+01
-2.000000000000000000e+01
-4.118327500000000185e+01
-2.000000000000000000e+01
-4.385727800000000087e+01
-2.000000000000000000e+01
-4.577541300000000035e+01
-2.000000000000000000e+01
-4.734861500000000234e+01
-2.000000000000000000e+01
-4.953106199999999859e+01
-2.000000000000000000e+01
-5.032767299999999722e+01
-2.000000000000000000e+01
-5.097301800000000327e+01
-2.000000000000000000e+01
-5.241890300000000025e+01
-2.000000000000000000e+01
-5.228293000000000035e+01
-2.000000000000000000e+01
-5.204031599999999713e+01
-2.000000000000000000e+01
-5.227531400000000161e+01
-2.000000000000000000e+01
-5.141545800000000099e+01
-2.000000000000000000e+01
-4.997577100000000172e+01
-2.000000000000000000e+01
-1.541107200000000077e+01
2.087880000000000014e-01
8.069191000000000003e+00
7.279912999999999634e+00
8.859764999999999446e+00
7.308016000000000290e+00
7.967304999999999637e+00
6.965666999999999831e+00
6.323478999999999850e+00
6.444632999999999612e+00
3.880155999999999938e+00
5.742028000000000354e+00
1.870000000000000134e-02
4.689848999999999712e+00
-1.725365000000000038e+00
4.304060999999999915e+00
-3.466308999999999862e+00
3.953774000000000122e+00
-5.164271000000000278e+00
3.629017999999999855e+00
-7.132374999999999687e+00
3.251599000000000128e+00
-8.137361999999999540e+00
3.146098999999999979e+00
-9.140641000000000460e+00
3.060230999999999923e+00
-9.947252999999999901e+00
2.970022000000000162e+00
-1.102510200000000040e+01
2.845552000000000081e+00
-1.285464900000000021e+01
2.554527999999999910e+00
-1.295456099999999999e+01
2.703977000000000075e+00
-1.421648300000000020e+01
2.514607999999999954e+00
-1.379167600000000071e+01
2.719088999999999867e+00
-1.672285000000000110e+01
2.231383999999999812e+00
-1.554977599999999960e+01
2.561722000000000055e+00
-1.771250600000000119e+01
2.229772000000000087e+00
-1.677284399999999920e+01
2.502435999999999883e+00
-1.845532299999999992e+01
2.258738000000000135e+00
-1.780780999999999992e+01
2.471959000000000017e+00
-1.860821899999999829e+01
2.369807999999999915e+00
-1.948230999999999824e+01
2.303443000000000129e+00
-1.864114299999999957e+01
2.453323999999999838e+00
-1.990494500000000144e+01
2.359083000000000041e+00
-1.939783900000000116e+01
2.501138999999999779e+00
-1.975278000000000134e+01
2.483357999999999954e+00
-1.982353900000000024e+01
2.519881999999999955e+00
-1.978233200000000025e+01
2.563966000000000189e+00
-2.008969899999999953e+01
2.565846000000000071e+00
-1.960904499999999828e+01
2.638041999999999998e+00
-1.945196899999999829e+01
2.673779000000000128e+00
-1.954765499999999889e+01
2.667177000000000131e+00
-1.921674700000000158e+01
2.727085999999999899e+00
-1.964028400000000119e+01
2.749528000000000194e+00
-1.952484199999999959e+01
2.787831999999999866e+00
-1.937544899999999970e+01
2.866642999999999830e+00
-1.964162400000000019e+01
2.839250999999999969e+00
-1.943759400000000070e+01
2.852317000000000213e+00
-1.908764899999999898e+01
2.948500000000000121e+00
-1.949042800000000142e+01
2.912500000000000089e+00
-1.942070299999999961e+01
2.950368999999999797e+00
-1.914648199999999889e+01
2.968557999999999808e+00
-1.890330300000000108e+01
3.019479000000000024e+00
-1.905612299999999948e+01
3.018686999999999898e+00
-1.869042500000000118e+01
3.065894000000000119e+00
-1.864752700000000019e+01
3.068775000000000031e+00
-1.832526199999999861e+01
3.153205999999999953e+00
-1.857294299999999865e+01
3.099507000000000012e+00
-1.848704800000000148e+01
3.134964000000000084e+00
-1.849218099999999865e+01
3.124972999999999779e+00
-1.875045199999999923e+01
3.115013999999999950e+00
-1.837019499999999894e+01
3.152152000000000065e+00
-1.871670500000000104e+01
3.187860000000000138e+00
-1.846955900000000028e+01
3.201042999999999861e+00
-1.852237600000000128e+01
3.197837999999999958e+00
-1.823440300000000036e+01
3.207672000000000079e+00
-1.811132599999999826e+01
3.202983000000000136e+00
-1.775990300000000133e+01
3.249819000000000013e+00
-1.794777699999999854e+01
3.219927000000000206e+00
-1.753489700000000084e+01
3.263688999999999840e+00
-1.791823199999999972e+01
3.261105999999999838e+00
-1.750332500000000024e+01
3.269642000000000159e+00
-1.747261800000000065e+01
3.273299999999999876e+00
-1.780912700000000015e+01
3.277019000000000126e+00
-1.731979899999999972e+01
3.302751000000000214e+00
-1.760386099999999843e+01
3.271276999999999990e+00
-1.758430500000000052e+01
3.279180999999999901e+00
-1.718888199999999955e+01
3.270439999999999792e+00
-1.699538700000000091e+01
3.291927999999999965e+00
-1.721803399999999939e+01
3.307056999999999913e+00
-1.725132899999999836e+01
3.268520999999999788e+00
-1.746513200000000055e+01
3.303641999999999967e+00
-1.722655599999999865e+01
3.284901000000000071e+00
-1.673365300000000033e+01
3.297067999999999888e+00
-1.694822200000000123e+01
3.295244999999999980e+00
-1.706522400000000061e+01
3.298099999999999810e+00
-1.697664999999999935e+01
3.299942000000000153e+00
-1.710059000000000040e+01
3.298106000000000204e+00
-1.692985600000000090e+01
3.268966999999999956e+00
-1.708976600000000090e+01
3.292819999999999858e+00
-1.689709399999999917e+01
3.279786000000000090e+00
-1.697771099999999933e+01
3.287999999999999812e+00
-1.680381500000000017e+01
3.279567000000000121e+00
-1.693284799999999990e+01
3.291935000000000056e+00
-1.679097399999999851e+01
3.273036999999999974e+00
-1.679059700000000177e+01
3.269880000000000120e+00
-1.654361600000000010e+01
3.270637999999999934e+00
-1.654402800000000084e+01
3.272469000000000072e+00
-1.655342500000000072e+01
3.257261999999999880e+00
-1.679782099999999900e+01
3.262499000000000038e+00
-1.576126499999999986e+01
3.086803999999999881e+00
-1.643744099999999975e+01
3.243813999999999975e+00
9.000000000000000000e+01
2.000000000000000000e+01
9.000000000000000000e+01
2.000000000000000000e+01
9.000000000000000000e+01
2.000000000000000000e+01
9.000000000000000000e+01
2.000000000000000000e+01
9.000000000000000000e+01
2.000000000000000000e+01
9.000000000000000000e+01
2.000000000000000000e+01
8.594965999999999440e+00
2.000000000000000000e+01
-5.867918000000000411e+00
2.000000000000000000e+01
-5.351575000000000415e+00
2.000000000000000000e+01
-4.859312000000000076e+00
2.000000000000000000e+01
-2.495840999999999976e+00
2.000000000000000000e+01
-8.852430000000000021e-01
2.000000000000000000e+01
1.401950000000000029e+00
2.000000000000000000e+01
4.610364999999999824e+00
2.000000000000000000e+01
7.567935000000000301e+00
2.000000000000000000e+01
1.109518300000000046e+01
2.000000000000000000e+01
1.330884700000000009e+01
2.000000000000000000e+01
-2.721411300000000111e+01
-1.043093099999999929e+01
-6.263963300000000345e+01
-2.000000000000000000e+01
-6.614025900000000036e+01
-2.000000000000000000e+01
-6.873223900000000697e+01
-2.000000000000000000e+01
-7.062178000000000111e+01
-2.000000000000000000e+01
-7.201333599999999535e+01
-2.000000000000000000e+01
-7.369674600000000453e+01
-2.000000000000000000e+01
-7.489540100000000677e+01
-2.000000000000000000e+01
-7.527042099999999891e+01
-2.000000000000000000e+01
-7.606448000000000320e+01
-2.000000000000000000e+01
-7.679927899999999852e+01
-2.000000000000000000e+01
-7.679274399999999901e+01
-2.000000000000000000e+01
-7.725839799999999968e+01
-2.000000000000000000e+01
-7.676240300000000616e+01
-2.000000000000000000e+01
-7.691877999999999815e+01
-2.000000000000000000e+01
-7.754806000000000665e+01
-2.000000000000000000e+01
-7.761337299999999573e+01
-2.000000000000000000e+01
-7.754520399999999825e+01
-2.000000000000000000e+01
-7.726702799999999627e+01
-2.000000000000000000e+01
-7.710772599999999954e+01
-2.366972000000000076e+00
-6.689028700000000072e+01
-1.513617999999999952e+01
-6.662138899999999353e+01
-1.491793000000000013e+01
-6.639038700000000404e+01
-1.480285600000000024e+01
-6.605625899999999717e+01
-1.463668900000000050e+01
-6.553916599999999448e+01
-1.442112900000000053e+01
-6.525442200000000526e+01
-1.427744799999999969e+01
-6.450688100000000702e+01
-1.398892500000000005e+01
-6.394769399999999848e+01
-1.377353500000000075e+01
-6.393262299999999954e+01
-1.370053000000000054e+01
-6.360273099999999857e+01
-1.354960900000000024e+01
-6.251551400000000314e+01
-1.317183499999999974e+01
-6.224565599999999677e+01
-1.307198299999999946e+01
-6.223879300000000114e+01
-1.300451499999999960e+01
-6.109462700000000268e+01
-1.267742400000000025e+01
-6.126427699999999987e+01
-1.265046199999999921e+01
-6.140742999999999796e+01
-1.262716600000000078e+01
-6.140028999999999826e+01
-1.254693800000000081e+01
-6.112941599999999909e+01
-1.242470800000000075e+01
-6.099543200000000098e+01
-1.233257700000000057e+01
-5.946343099999999993e+01
-1.198270100000000049e+01
-5.991899999999999693e+01
-1.201727600000000074e+01
-5.911094500000000096e+01
-1.179417399999999994e+01
-5.900706900000000132e+01
-1.173814699999999966e+01
-5.890134400000000170e+01
-1.166511400000000087e+01
-5.896440700000000135e+01
-1.166070599999999935e+01
-5.864952699999999908e+01
-1.151219399999999915e+01
-5.814110999999999763e+01
-1.139454300000000053e+01
-5.847259799999999785e+01
-1.140720100000000059e+01
-5.788101600000000246e+01
-1.124299099999999996e+01
-5.788597000000000037e+01
-1.117134000000000071e+01
-5.761618500000000154e+01
-1.113531099999999974e+01
-5.763284300000000115e+01
-1.108627199999999924e+01
-5.729569500000000204e+01
-1.100630899999999990e+01
-5.731079900000000293e+01
-1.096600499999999911e+01
-5.724302000000000135e+01
-1.091591799999999957e+01
-5.707834600000000336e+01
-1.085978099999999991e+01
-5.693818300000000221e+01
-1.080790700000000015e+01
-5.679699000000000098e+01
-1.075672199999999989e+01
-5.660279500000000041e+01
-1.070337600000000045e+01
-5.691816599999999937e+01
-1.071717699999999951e+01
-5.661178400000000011e+01
-1.064116699999999938e+01
-5.643397600000000125e+01
-1.058385999999999960e+01
-5.652838700000000216e+01
-1.058354699999999937e+01
-5.588390600000000319e+01
-1.052943999999999924e+01
-5.661396899999999732e+01
-1.051993000000000045e+01
-5.603011399999999753e+01
-1.044910899999999998e+01
-5.609443000000000268e+01
-1.041676400000000058e+01
-5.593653499999999923e+01
-1.038428500000000021e+01
-5.591438200000000336e+01
-1.035083599999999926e+01
-5.572671700000000072e+01
-1.032034900000000022e+01
-5.569043599999999827e+01
-1.029482100000000067e+01
-5.563413200000000103e+01
-1.027736600000000067e+01
-5.565486099999999681e+01
-1.028006700000000073e+01
-5.560887499999999761e+01
-1.023062900000000042e+01
-5.546936999999999784e+01
-1.019564399999999971e+01
-5.537451099999999826e+01
-1.017460299999999940e+01
-5.531798500000000018e+01
-1.014221000000000039e+01
-5.539166399999999868e+01
-1.013122100000000003e+01
9.000000000000000000e+01
2.000000000000000000e+01
9.000000000000000000e+01
2.000000000000000000e+01
1.273482599999999998e+01
2.000000000000000000e+01
-2.788548000000000027e+00
2.000000000000000000e+01
-3.139031000000000127e+00
2.000000000000000000e+01
-4.572614999999999874e+00
2.000000000000000000e+01
-1.929157800000000123e+01
3.495140000000000136e+00
-7.742567499999999825e+01
-1.664125200000000149e+01
-8.373089199999999721e+01
-1.868415299999999846e+01
-8.247212100000000135e+01
-1.805893500000000174e+01
-8.093289099999999792e+01
-1.741117200000000054e+01
-7.878752900000000636e+01
-1.657822499999999977e+01
-7.716550700000000518e+01
-1.588129499999999972e+01
-7.541210200000000441e+01
-1.520492100000000057e+01
-7.426852900000000091e+01
-1.475580599999999976e+01
-7.317386700000000133e+01
-1.434646700000000052e+01
-7.158123799999999903e+01
-1.368626000000000076e+01
-7.047833900000000540e+01
-1.325060099999999963e+01
-6.891173399999999560e+01
-1.261250500000000052e+01
-6.820668799999999976e+01
-1.232351099999999988e+01
-6.654464500000000271e+01
-1.166505399999999959e+01
-6.625614299999999446e+01
-1.151051799999999936e+01
-6.438499799999999595e+01
-1.080767999999999951e+01
-6.390388599999999997e+01
-1.058491700000000080e+01
-6.297930499999999654e+01
-1.021287099999999981e+01
-6.203246099999999785e+01
-9.838160000000000238e+00
-6.129010399999999947e+01
-9.532075999999999993e+00
-6.037778300000000087e+01
-9.184416000000000579e+00
-5.942920600000000064e+01
-8.836026000000000380e+00
-5.850079900000000066e+01
-8.501082000000000249e+00
-5.891904100000000000e+01
-8.521506999999999721e+00
-5.766414000000000328e+01
-8.104005000000000791e+00
-5.785393200000000036e+01
-8.068809999999999150e+00
-5.667125899999999916e+01
-7.700760999999999967e+00
-5.616503500000000315e+01
-7.478225000000000122e+00
-5.528641999999999967e+01
-7.232410999999999923e+00
-5.511424499999999682e+01
-7.106001000000000012e+00
-5.458009700000000208e+01
-6.914965999999999724e+00
-5.420050700000000177e+01
-6.758583999999999925e+00
-5.378412300000000101e+01
-6.600000999999999785e+00
-5.339450399999999775e+01
-6.450775000000000148e+00
-5.301240200000000158e+01
-6.307304000000000244e+00
-5.264243499999999898e+01
-6.170270000000000366e+00
-5.228446100000000030e+01
-6.039490999999999943e+00
-5.193869699999999767e+01
-5.914835000000000065e+00
-5.160533099999999962e+01
-5.796146000000000242e+00
-5.128425800000000123e+01
-5.683216999999999963e+00
-5.095707500000000323e+01
-5.576655999999999835e+00
-5.127538499999999999e+01
-5.545310999999999879e+00
-5.076565800000000195e+01
-5.414888000000000368e+00
-5.015778300000000200e+01
-5.262157000000000195e+00
-5.056480799999999931e+01
-5.276633999999999602e+00
-4.982520499999999686e+01
-5.126998999999999640e+00
-4.960367000000000104e+01
-5.027968999999999689e+00
-4.969506700000000166e+01
-5.000596999999999959e+00
-4.949927799999999678e+01
-4.938098000000000098e+00
-4.917955400000000310e+01
-4.848091000000000150e+00
-4.866275900000000121e+01
-4.736049999999999649e+00
-4.878295500000000118e+01
-4.714311999999999614e+00
-4.875459599999999938e+01
-4.674184999999999590e+00
-4.804392399999999697e+01
-4.579240000000000421e+00
-4.851547800000000166e+01
-4.554866999999999777e+00
-4.789532100000000270e+01
-4.493756000000000306e+00
-4.784421199999999885e+01
-4.434935000000000294e+00
-4.786150700000000313e+01
-4.382325999999999944e+00
-4.773937200000000303e+01
-4.364497000000000071e+00
-4.738337899999999792e+01
-4.300415000000000099e+00
-4.756495199999999812e+01
-4.268359000000000236e+00
-4.741139600000000343e+01
-4.234786999999999857e+00
-9.000000000000000000e+01
-2.000000000000000000e+01
-9.000000000000000000e+01
-2.000000000000000000e+01
-9.000000000000000000e+01
-2.000000000000000000e+01
-9.000000000000000000e+01
-2.000000000000000000e+01
-9.000000000000000000e+01
-2.000000000000000000e+01
-9.000000000000000000e+01
-2.000000000000000000e+01
-9.000000000000000000e+01
-2.000000000000000000e+01
-9.000000000000000000e+01
-2.000000000000000000e+01
-9.000000000000000000e+01
-2.000000000000000000e+01
-9.000000000000000000e+01
-2.000000000000000000e+01
-9.000000000000000000e+01
-2.000000000000000000e+01
-9.000000000000000000e+01
-2.000000000000000000e+01
-9.000000000000000000e+01
-2.000000000000000000e+01
-9.000000000000000000e+01
-2.000000000000000000e+01
-9.000000000000000000e+01
-2.000000000000000000e+01
-9.000000000000000000e+01
-2.000000000000000000e+01
-9.000000000000000000e+01
-2.000000000000000000e+01
-9.000000000000000000e+01
-2.000000000000000000e+01
-9.000000000000000000e+01
-2.000000000000000000e+01
-9.000000000000000000e+01
-2.000000000000000000e+01
-9.000000000000000000e+01
-2.000000000000000000e+01
-9.000000000000000000e+01
-2.000000000000000000e+01
-9.000000000000000000e+01
-2.000000000000000000e+01
-9.000000000000000000e+01
-2.000000000000000000e+01
-9.000000000000000000e+01
-2.000000000000000000e+01
-9.000000000000000000e+01
-2.000000000000000000e+01
-9.000000000000000000e+01
-2.000000000000000000e+01
-9.000000000000000000e+01
-2.000000000000000000e+01
-9.000000000000000000e+01
-2.000000000000000000e+01
-9.000000000000000000e+01
-2.000000000000000000e+01
-9.000000000000000000e+01
-1.408582600000000085e+01
-9.000000000000000000e+01
-1.356429600000000057e+01
-9.000000000000000000e+01
-1.441708999999999996e+01
-9.000000000000000000e+01
-1.489314599999999977e+01
-9.000000000000000000e+01
-1.545019100000000023e+01
-9.000000000000000000e+01
-1.581512099999999954e+01
-9.000000000000000000e+01
-1.642747100000000060e+01
-9.000000000000000000e+01
-1.718131699999999995e+01
-9.000000000000000000e+01
-1.793290999999999968e+01
-1.171578000000000008e+00
-2.584260000000000002e+00
1.738846500000000006e+01
4.321048000000000222e+00
1.809984999999999999e+01
5.202513999999999861e+00
1.242188900000000018e+01
4.654278999999999833e+00
1.114215000000000089e+01
4.876643999999999757e+00
1.037976600000000005e+01
5.227578000000000280e+00
8.553129000000000204e+00
5.311606000000000272e+00
8.893872999999999251e+00
5.793276999999999788e+00
5.837269000000000041e+00
5.629857999999999585e+00
5.178181999999999618e+00
5.938964999999999606e+00
6.111735000000000362e+00
6.323705000000000354e+00
3.546444000000000152e+00
6.267252000000000045e+00
3.526094000000000062e+00
6.508043999999999940e+00
1.557882999999999907e+00
6.559217000000000297e+00
2.698345000000000216e+00
6.890524000000000093e+00
2.496623000000000037e+00
7.135574000000000083e+00
2.855487000000000108e+00
7.344936999999999827e+00
1.117890999999999968e+00
7.311491000000000184e+00
8.393329999999999957e-01
7.476236000000000104e+00
6.580400000000000138e-02
7.561925999999999704e+00
1.383494999999999919e+00
7.823230999999999824e+00
7.688340000000000174e-01
7.945081000000000060e+00
1.133712000000000053e+00
8.054743000000000208e+00
1.781446000000000085e+00
8.239827000000000012e+00
2.137974999999999959e+00
8.411656000000000688e+00
1.316997999999999891e+00
8.421188000000000784e+00
2.577329999999999899e+00
8.618446000000000495e+00
1.178449999999999998e+00
8.587462999999999624e+00
1.354665000000000008e+00
8.715908000000000655e+00
2.071511000000000102e+00
8.782800999999999192e+00
2.129448000000000008e+00
8.807147999999999755e+00
3.302731999999999779e+00
9.016553000000000040e+00
3.092544999999999877e+00
9.008691000000000670e+00
2.384431000000000189e+00
9.032640999999999920e+00
3.311573000000000100e+00
9.102218999999999838e+00
4.240222000000000158e+00
9.237073000000000533e+00
3.564896000000000065e+00
9.194850000000000634e+00
4.935622999999999649e+00
9.333771000000000484e+00
4.318529999999999980e+00
9.335038000000000835e+00
5.162017999999999773e+00
9.428877999999999204e+00
5.386375000000000135e+00
9.441969000000000278e+00
4.472305000000000419e+00
9.412426999999999211e+00
5.664539999999999687e+00
9.493766000000000815e+00
5.262121999999999744e+00
9.475825999999999638e+00
5.649638000000000382e+00
9.485182999999999254e+00
5.618006000000000277e+00
9.516826999999999259e+00
5.951562000000000019e+00
9.557672000000000168e+00
5.658247000000000249e+00
9.552291000000000309e+00
6.016915000000000013e+00
9.560361000000000331e+00
6.183304999999999829e+00
9.576772000000000062e+00
6.280465000000000408e+00
9.585286999999999225e+00
7.213097999999999566e+00
9.598181000000000296e+00
6.373528000000000304e+00
9.601941000000000059e+00
7.093747999999999720e+00
9.597953999999999652e+00
7.451592999999999911e+00
9.613041000000000835e+00
7.846354999999999968e+00
9.626702999999999122e+00
7.483925000000000161e+00
9.620908000000000015e+00
7.721738000000000213e+00
9.626677000000000817e+00
8.003154000000000323e+00
9.649096999999999369e+00
8.162319000000000102e+00
9.651723000000000496e+00
8.300129000000000090e+00
9.648604999999999876e+00
8.637207000000000079e+00
9.635555999999999344e+00
8.313152999999999793e+00
9.642803999999999931e+00
8.424718000000000373e+00
9.644954000000000249e+00
9.217098999999999265e+00
9.640696999999999406e+00
9.319395000000000095e+00
9.639794999999999447e+00
9.406601999999999464e+00
9.638135999999999370e+00
8.754324000000000439e+00
9.626939000000000135e+00
9.081526000000000209e+00
9.626829999999999998e+00
9.596315000000000595e+00
9.618200999999999112e+00
8.982364000000000459e+00
9.619434000000000040e+00
9.394842999999999833e+00
9.592949000000000837e+00
9.924165000000000347e+00
9.616198999999999941e+00
9.415831999999999979e+00
9.601456999999999908e+00
9.880672999999999817e+00
9.592473000000000027e+00
9.925072999999999368e+00
9.583864999999999412e+00
9.744476999999999833e+00
9.590026999999999191e+00
9.618408999999999764e+00
9.574085999999999430e+00
9.802616000000000440e+00
9.564334999999999809e+00
1.003331499999999998e+01
9.553361000000000658e+00
1.006462199999999996e+01
9.556661999999999324e+00
1.028248100000000065e+01
9.554422999999999888e+00
1.009727999999999959e+01
9.545491999999999422e+00
1.031124299999999927e+01
9.528971000000000302e+00
1.009706599999999987e+01
9.528688999999999965e+00
1.021985800000000033e+01
9.507227000000000317e+00
1.032588699999999982e+01
9.499199000000000837e+00
1.016797700000000049e+01
9.505254000000000758e+00
1.044417699999999982e+01
9.487002000000000379e+00
1.052608000000000033e+01
9.486392999999999631e+00
1.050765299999999947e+01
9.479848999999999748e+00
1.048952799999999996e+01
9.471567000000000291e+00
1.044862000000000002e+01
9.462851000000000568e+00
1.059216600000000064e+01
9.465115000000000833e+00
1.024494900000000008e+01
9.452605999999999398e+00
1.043085800000000063e+01
9.429135000000000488e+00
1.051211900000000021e+01
9.435297000000000267e+00
1.026440999999999981e+01
9.438245999999999469e+00
1.698828800000000072e+01
9.296697999999999240e+00
1.059158500000000025e+01
9.485305999999999571e+00
1.030190299999999937e+01
9.405226000000000752e+00
1.059368500000000068e+01
9.396926999999999808e+00
1.046818400000000082e+01
9.386305000000000121e+00
1.073795699999999975e+01
9.391880000000000450e+00
1.589825199999999938e+01
9.268171999999999855e+00
1.078973200000000077e+01
9.427367999999999526e+00
1.067821200000000026e+01
9.367129999999999512e+00
1.541376700000000000e+01
9.232447999999999766e+00
1.063847099999999912e+01
9.398030999999999580e+00
1.059428899999999985e+01
9.344006999999999508e+00
1.052378200000000064e+01
9.337557000000000329e+00
1.460102499999999992e+01
9.247168999999999528e+00
1.067055599999999949e+01
9.367245999999999739e+00
1.055622400000000027e+01
9.317092000000000596e+00
1.418635800000000025e+01
9.230052000000000589e+00
1.062352699999999928e+01
9.331642000000000436e+00
1.408662499999999973e+01
9.232763999999999527e+00
1.064287400000000083e+01
9.321993000000000862e+00
1.408592200000000005e+01
9.183514999999999873e+00
1.058603500000000075e+01
9.292521000000000697e+00
1.320871700000000004e+01
9.259486000000000772e+00
1.033145599999999931e+01
9.277333000000000496e+00
1.039387299999999925e+01
9.249387000000000469e+00
1.331378699999999959e+01
9.116341999999999501e+00
1.050180899999999973e+01
9.261850000000000804e+00
1.320496100000000084e+01
9.134840999999999767e+00
1.045561200000000035e+01
9.251020000000000465e+00
1.298732900000000079e+01
9.119215000000000515e+00
1.036105700000000063e+01
9.242552999999999130e+00
1.040383300000000055e+01
9.210053999999999519e+00
1.265452200000000005e+01
9.088514999999999233e+00
1.035641700000000043e+01
9.212815000000000865e+00
1.248529699999999920e+01
9.087974000000000885e+00
1.035106700000000046e+01
9.204589999999999606e+00
1.229800000000000004e+01
9.083090999999999582e+00
1.023366500000000023e+01
9.194803999999999533e+00
1.205470500000000023e+01
9.073439999999999728e+00
1.033711399999999969e+01
9.167070999999999970e+00
1.195682299999999998e+01
9.048279000000000849e+00
1.018478200000000022e+01
9.151004999999999612e+00
1.178637799999999913e+01
9.036201000000000150e+00
1.012055800000000083e+01
9.140121000000000606e+00
1.160794800000000038e+01
9.027181999999999817e+00
1.008005200000000023e+01
9.128327999999999776e+00
1.145642199999999988e+01
9.018352999999999398e+00
1.001941300000000012e+01
9.116638000000000019e+00
1.129549800000000026e+01
9.008741000000000554e+00
9.979832999999999288e+00
9.107502999999999460e+00
1.114008199999999960e+01
9.002587999999999369e+00
9.892841000000000662e+00
9.096750999999999365e+00
1.036837899999999912e+01
8.986337999999999937e+00
9.829743000000000563e+00
9.083394000000000190e+00
1.081475999999999971e+01
8.984279000000000792e+00
9.841570000000000817e+00
9.073178000000000409e+00
1.072782899999999984e+01
8.976516000000000162e+00
9.779116000000000142e+00
9.056371000000000393e+00
1.062279099999999943e+01
8.962305999999999884e+00
9.721339999999999648e+00
9.046029000000000764e+00
1.049559499999999979e+01
8.954121999999999915e+00
9.657451000000000008e+00
9.034221000000000501e+00
1.037175900000000084e+01
8.943932000000000215e+00
9.594753000000000753e+00
9.022301999999999822e+00
1.024285300000000021e+01
8.934402000000000399e+00
8.484056999999999960e+00
9.290748999999999924e+00
9.451045000000000584e+00
9.009204999999999686e+00
1.003431999999999924e+01
8.922072000000000003e+00
8.391609000000000762e+00
9.333897999999999584e+00
9.362543000000000504e+00
9.000394999999999257e+00
9.856303999999999732e+00
8.917953000000000685e+00
8.602729999999999322e+00
9.220923000000000869e+00
9.306502999999999304e+00
8.979412999999999201e+00
9.729530000000000456e+00
8.899502999999999275e+00
8.439315999999999818e+00
9.230444000000000315e+00
9.207891999999999300e+00
8.969260999999999484e+00
9.575941999999999510e+00
8.889998000000000289e+00
8.423092000000000468e+00
9.204382000000000730e+00
9.165063999999999211e+00
8.944480999999999682e+00
9.466127999999999432e+00
8.870480999999999838e+00
9.563247000000000497e+00
8.849446000000000367e+00
9.048880999999999730e+00
8.948648999999999631e+00
9.300644000000000133e+00
8.873827000000000353e+00
8.543224000000000373e+00
9.086567999999999756e+00
8.960369999999999280e+00
8.933987999999999374e+00
9.118239000000000871e+00
8.877712999999999965e+00
8.823351999999999862e+00
8.947701000000000349e+00
9.018045000000000755e+00
8.874397000000000091e+00
9.045505999999999602e+00
8.853225999999999374e+00
9.104915999999999343e+00
8.817997999999999337e+00
8.469049000000000049e+00
9.025033000000000527e+00
8.768024000000000484e+00
8.899406000000000816e+00
8.884334000000000842e+00
8.833437999999999235e+00
8.919110999999999123e+00
8.800333999999999435e+00
8.902226000000000639e+00
8.786644000000000787e+00
8.227916999999999703e+00
9.064391000000000531e+00
8.452163999999999788e+00
8.937219000000000690e+00
8.596707999999999572e+00
8.851893000000000455e+00
8.599971999999999284e+00
8.861435999999999424e+00
8.640223000000000653e+00
8.803629000000000815e+00
8.589762000000000342e+00
8.799073999999999174e+00
8.446851999999999805e+00
8.884565999999999519e+00
8.460053000000000267e+00
8.829359000000000179e+00
8.461461999999999151e+00
8.795526999999999873e+00
8.376946000000000225e+00
8.869573000000000818e+00
8.375975999999999644e+00
8.810947000000000529e+00
8.358276999999999290e+00
8.771838999999999942e+00
8.295935000000000059e+00
8.857065999999999661e+00
8.270357999999999876e+00
8.801973999999999521e+00
8.246337999999999724e+00
8.767442000000000846e+00
8.207535000000000025e+00
8.730093999999999355e+00
8.158193000000000694e+00
8.719801000000000357e+00
8.118237000000000592e+00
8.736497999999999209e+00
8.122296999999999656e+00
8.876049999999999329e+00
8.069881000000000526e+00
8.838734999999999786e+00
8.032168999999999670e+00
8.783549999999999969e+00
7.985025000000000261e+00
8.745260999999999285e+00
8.047454000000000107e+00
8.799778999999999129e+00
7.966293000000000291e+00
8.751685999999999410e+00
7.908789999999999765e+00
8.727489999999999526e+00
7.966914000000000051e+00
8.814508000000000010e+00
7.881742000000000026e+00
8.772536999999999807e+00
7.910777999999999643e+00
8.773552000000000461e+00
7.843651000000000373e+00
8.745583999999999136e+00
7.744588000000000250e+00
8.704561999999999244e+00
7.668599999999999639e+00
8.680956999999999368e+00
7.739006999999999969e+00
8.738279999999999603e+00
7.636511999999999745e+00
8.700426000000000215e+00
7.600506000000000206e+00
8.693853999999999971e+00
7.501300999999999775e+00
8.660512999999999906e+00
7.727438000000000251e+00
8.763533000000000683e+00
7.601825999999999972e+00
8.722618000000000649e+00
7.516987999999999559e+00
8.697590999999999184e+00
7.417533999999999850e+00
8.668060000000000542e+00
7.510699999999999932e+00
8.707191999999999155e+00
9.000000000000000000e+01
2.000000000000000000e+01
9.000000000000000000e+01
2.000000000000000000e+01
9.000000000000000000e+01
2.000000000000000000e+01
9.000000000000000000e+01
2.000000000000000000e+01
7.898844900000000280e+01
2.000000000000000000e+01
1.171470200000000084e+01
2.000000000000000000e+01
1.090810100000000027e+01
2.000000000000000000e+01
1.156578099999999942e+01
2.000000000000000000e+01
1.141939999999999955e+01
2.000000000000000000e+01
1.258025800000000061e+01
2.000000000000000000e+01
1.316429399999999994e+01
2.000000000000000000e+01
1.435576400000000064e+01
2.000000000000000000e+01
1.585528700000000057e+01
2.000000000000000000e+01
1.799476500000000101e+01
2.000000000000000000e+01
1.872862699999999947e+01
1.569033400000000000e+01
-1.467524500000000032e+01
-3.421966999999999981e+00
-1.932886699999999891e+01
-4.188549000000000078e+00
-2.076192800000000105e+01
-4.134589000000000070e+00
-2.166300599999999932e+01
-3.843170999999999893e+00
-2.262800500000000170e+01
-3.768752999999999798e+00
-2.322138400000000047e+01
-3.567467000000000166e+00
-2.386027800000000099e+01
-3.431735000000000202e+00
-2.399947900000000089e+01
-3.033457999999999988e+00
-2.493874100000000027e+01
-3.281223999999999918e+00
-2.553466900000000095e+01
-3.224903999999999993e+00
-2.542666200000000032e+01
-2.939592000000000205e+00
-2.594297800000000009e+01
-2.976744000000000057e+00
-2.608537499999999909e+01
-2.815547000000000022e+00
-2.603690999999999889e+01
-2.640213000000000143e+00
-2.614604999999999890e+01
-2.538980000000000015e+00
-2.608816399999999902e+01
-2.334089000000000080e+00
-2.671340700000000012e+01
-2.484885999999999928e+00
-2.681590599999999824e+01
-2.488643000000000161e+00
-2.695280199999999837e+01
-2.457723000000000102e+00
-2.653082799999999963e+01
-2.218249000000000137e+00
-2.662316300000000169e+01
-2.181376000000000204e+00
-2.719872000000000156e+01
-2.322165000000000035e+00
-2.696914500000000103e+01
-2.186676999999999982e+00
-2.744519499999999823e+01
-2.293134999999999923e+00
-2.690208300000000108e+01
-2.073449999999999793e+00
-2.766718099999999936e+01
-2.266287000000000162e+00
-2.758373299999999873e+01
-2.195794999999999941e+00
-2.731870500000000135e+01
-2.082689999999999930e+00
-2.721401600000000087e+01
-2.023137999999999881e+00
-2.729061899999999952e+01
-2.007225000000000037e+00
-2.777738199999999935e+01
-2.110551000000000066e+00
-2.786774000000000129e+01
-2.098605000000000054e+00
-2.724585899999999938e+01
-1.933176000000000005e+00
-2.706416000000000111e+01
-1.881647999999999987e+00
-2.763188500000000047e+01
-1.986158000000000090e+00
-2.761544400000000010e+01
-1.956841999999999970e+00
-2.741293399999999991e+01
-1.908257000000000092e+00
-2.747498500000000021e+01
-1.903643999999999892e+00
-2.797179099999999963e+01
-1.991991999999999985e+00
-2.810404700000000133e+01
-1.992528999999999995e+00
-2.784487599999999929e+01
-1.940453999999999901e+00
-2.781887400000000099e+01
-1.917321999999999971e+00
-2.767367300000000085e+01
-1.881714000000000109e+00
-2.802882100000000065e+01
-1.934809000000000001e+00
-2.794484100000000026e+01
-1.916082999999999981e+00
-2.812103300000000061e+01
-1.939775000000000027e+00
-2.835183400000000020e+01
-1.950949999999999962e+00
-2.789463500000000096e+01
-1.869776000000000105e+00
-2.829530600000000007e+01
-1.934126000000000012e+00
-2.863420800000000099e+01
-1.944560000000000066e+00
-2.817315999999999931e+01
-1.905790000000000095e+00
-2.832503799999999927e+01
-1.920732000000000106e+00
-2.841114400000000018e+01
-1.941203999999999930e+00
-2.814746099999999984e+01
-1.881944000000000061e+00
-2.834111100000000150e+01
-1.883596999999999966e+00
-2.862355000000000160e+01
-1.931753000000000053e+00
-2.832307799999999887e+01
-1.903645000000000032e+00
-2.871479000000000070e+01
-1.947648999999999964e+00
-2.838860199999999878e+01
-1.899456000000000033e+00
-2.873893899999999846e+01
-1.940512999999999932e+00
-2.867237300000000033e+01
-1.901165999999999912e+00
-2.880849900000000119e+01
-1.952139999999999986e+00
-2.854539199999999965e+01
-1.907667999999999919e+00
-2.872791700000000148e+01
-1.933756000000000030e+00
-2.880015500000000017e+01
-1.932485999999999926e+00
-2.881089000000000055e+01
-1.932231999999999950e+00
-2.881133700000000175e+01
-1.929591999999999974e+00
-2.887922800000000123e+01
-1.941146000000000038e+00
-2.898872000000000071e+01
-1.954752000000000045e+00
-2.890814200000000156e+01
-1.949669000000000096e+00
-2.902941399999999916e+01
-1.945769000000000082e+00
-2.899816399999999916e+01
-1.943113000000000090e+00
-2.912945600000000113e+01
-1.967923000000000089e+00
