-4.948620623301113685e-33 0.000000000000000000e+00 0.000000000000000000e+00 0.000000000000000000e+00 0.000000000000000000e+00
-1.616342157345784554e-16 0.000000000000000000e+00 0.000000000000000000e+00 0.000000000000000000e+00 0.000000000000000000e+00
4.253377829539690680e-01 0.000000000000000000e+00 0.000000000000000000e+00 0.000000000000000000e+00 0.000000000000000000e+00
1.000000000000000000e+00 0.000000000000000000e+00 0.000000000000000000e+00 0.000000000000000000e+00 0.000000000000000000e+00
1.000000000000000000e+00 0.000000000000000000e+00 0.000000000000000000e+00 0.000000000000000000e+00 0.000000000000000000e+00
-9.428875189601977624e-02 5.964017653804690733e-01 0.000000000000000000e+00 0.000000000000000000e+00 0.000000000000000000e+00
-9.294786684881144179e-02 9.784227784655718959e-67 0.000000000000000000e+00 0.000000000000000000e+00 0.000000000000000000e+00
-1.276098657182646257e+00 1.136755200066921420e-02 0.000000000000000000e+00 0.000000000000000000e+00 0.000000000000000000e+00
7.739332569765804415e-01 1.794779927118017593e-01 0.000000000000000000e+00 0.000000000000000000e+00 0.000000000000000000e+00
-1.259936598775855510e+00 1.317225069432560458e+00 0.000000000000000000e+00 0.000000000000000000e+00 0.000000000000000000e+00
0.000000000000000000e+00 1.295191528949099613e+00 0.000000000000000000e+00 0.000000000000000000e+00 0.000000000000000000e+00
0.000000000000000000e+00 -7.205199202058336638e-01 0.000000000000000000e+00 0.000000000000000000e+00 0.000000000000000000e+00
0.000000000000000000e+00 -1.000000000000000000e+00 0.000000000000000000e+00 0.000000000000000000e+00 0.000000000000000000e+00
0.000000000000000000e+00 1.000000000000000000e+00 0.000000000000000000e+00 0.000000000000000000e+00 0.000000000000000000e+00
6.462749632019303136e-02 -4.623172841447181547e+00 -4.465959181447040294e+00 0.000000000000000000e+00 0.000000000000000000e+00
-8.207116130411321042e-02 8.969841486427261756e+00 8.693484944424385574e+00 0.000000000000000000e+00 0.000000000000000000e+00
-2.455743516283493911e-65 1.662931115119412329e-01 1.534131183843254198e-01 0.000000000000000000e+00 0.000000000000000000e+00
-4.562090014324389209e-01 -7.922200422805003583e-02 -7.922200422805003583e-02 0.000000000000000000e+00 0.000000000000000000e+00
1.247705243035469103e-16 2.037657296624903580e+00 2.037657296624903580e+00 0.000000000000000000e+00 0.000000000000000000e+00
-1.282469187834259783e+00 -8.731970571510495882e-02 -8.731970571510494494e-02 0.000000000000000000e+00 0.000000000000000000e+00
1.706126703434872605e+00 -1.136393469513521381e+00 -1.136393469513521381e+00 0.000000000000000000e+00 0.000000000000000000e+00
1.118123915463865581e+00 -6.712650985276437110e-01 -6.712650985276437110e-01 0.000000000000000000e+00 0.000000000000000000e+00
0.000000000000000000e+00 0.000000000000000000e+00 7.424657676758039671e-01 0.000000000000000000e+00 0.000000000000000000e+00
0.000000000000000000e+00 0.000000000000000000e+00 4.123234706068896749e-01 0.000000000000000000e+00 0.000000000000000000e+00
0.000000000000000000e+00 0.000000000000000000e+00 1.000000000000000000e+00 0.000000000000000000e+00 0.000000000000000000e+00
0.000000000000000000e+00 0.000000000000000000e+00 1.000000000000000000e+00 0.000000000000000000e+00 0.000000000000000000e+00
-2.253472642229126244e-02 8.077172188691619681e+00 8.144757637348442714e+00 7.622378913425407632e+00 0.000000000000000000e+00
-3.232749718125192961e-01 1.662931115119416214e-01 1.534131183843257806e-01 3.839390429941489867e-16 0.000000000000000000e+00
-1.357104705569659453e+00 -8.973233572507885447e-02 -8.973233572507885447e-02 -8.973233572507885447e-02 0.000000000000000000e+00
1.704039968841283663e-16 2.088376893001480106e+00 2.088376893001480106e+00 2.088376893001480106e+00 0.000000000000000000e+00
3.726117315594712487e-02 8.973233572507879896e-02 8.973233572507879896e-02 8.973233572507879896e-02 0.000000000000000000e+00
3.948110194723034816e+00 -8.723710592976461342e-01 -8.723710592976461342e-01 -8.723710592976461342e-01 0.000000000000000000e+00
-1.507946822310092694e+00 -2.284002020787612164e-02 -2.284002020787612164e-02 -2.284002020787612164e-02 0.000000000000000000e+00
-6.945315668543773358e-01 -9.904320698332665929e-01 -9.904320698332665929e-01 -9.904320698332665929e-01 0.000000000000000000e+00
0.000000000000000000e+00 0.000000000000000000e+00 0.000000000000000000e+00 5.071959637657652564e-02 0.000000000000000000e+00
0.000000000000000000e+00 0.000000000000000000e+00 0.000000000000000000e+00 -1.541610991162510214e+00 0.000000000000000000e+00
0.000000000000000000e+00 0.000000000000000000e+00 0.000000000000000000e+00 -1.000000000000000000e+00 0.000000000000000000e+00
0.000000000000000000e+00 0.000000000000000000e+00 0.000000000000000000e+00 1.000000000000000000e+00 0.000000000000000000e+00
-3.770378426836672181e-02 -4.777367062739135140e-01 -1.872051048427431974e+00 -1.271920105041975280e+00 0.000000000000000000e+00
2.010179965783170375e-01 -1.168451661882287107e+00 -7.612229052361826342e-01 -4.283604794991671127e-01 -5.838524291568883307e+00
3.632561911885313632e-01 8.079717596475704866e+00 8.254858065068797046e+00 7.702182623707151343e+00 3.527379018847657810e-01
-4.606430992400282198e-01 -5.841029373222291099e+00 -5.222341705450211258e+00 -5.398791381201708539e+00 1.970984843681285183e-16
-2.617176486819665193e+00 2.396813149314946101e-01 2.396813149314946101e-01 2.396813149314946101e-01 -5.550477069955852549e-01
-1.638308061097918822e+00 -1.914607119280568037e-01 -1.914607119280568592e-01 -1.914607119280569147e-01 -1.073589962713150880e+00
-3.495694177862127550e+00 4.605708670364613511e+00 4.605708670364613511e+00 4.605708670364613511e+00 -3.320158815244916628e+00
4.753176626843279018e-01 1.597587684730543689e+00 1.597587684730543911e+00 1.597587684730543911e+00 -1.976961632041924766e+00
-1.901752767196905669e+00 -3.680020424470827889e-01 -3.680020424470827889e-01 -3.680020424470827334e-01 -2.074101510118640856e+00
0.000000000000000000e+00 0.000000000000000000e+00 0.000000000000000000e+00 0.000000000000000000e+00 -6.032009300200540380e-01
0.000000000000000000e+00 0.000000000000000000e+00 0.000000000000000000e+00 0.000000000000000000e+00 -1.000211433845158648e+00
0.000000000000000000e+00 0.000000000000000000e+00 0.000000000000000000e+00 0.000000000000000000e+00 -1.000000000000000000e+00
0.000000000000000000e+00 0.000000000000000000e+00 0.000000000000000000e+00 0.000000000000000000e+00 1.000000000000000000e+00
