2.995484191600872658e-33 0.000000000000000000e+00 0.000000000000000000e+00 0.000000000000000000e+00 0.000000000000000000e+00
9.783993862349343541e-17 0.000000000000000000e+00 0.000000000000000000e+00 0.000000000000000000e+00 0.000000000000000000e+00
-3.250122981597312055e-01 0.000000000000000000e+00 0.000000000000000000e+00 0.000000000000000000e+00 0.000000000000000000e+00
-1.000000000000000000e+00 0.000000000000000000e+00 0.000000000000000000e+00 0.000000000000000000e+00 0.000000000000000000e+00
1.000000000000000000e+00 0.000000000000000000e+00 0.000000000000000000e+00 0.000000000000000000e+00 0.000000000000000000e+00
1.059755583497920539e-02 9.005156022439438246e+00 0.000000000000000000e+00 0.000000000000000000e+00 0.000000000000000000e+00
2.344818786518687026e-01 -8.614399360599204738e-66 0.000000000000000000e+00 0.000000000000000000e+00 0.000000000000000000e+00
2.864249465638946113e-02 3.886246390281115903e-02 0.000000000000000000e+00 0.000000000000000000e+00 0.000000000000000000e+00
-4.032174989757142392e-01 -7.153436243877944745e-02 0.000000000000000000e+00 0.000000000000000000e+00 0.000000000000000000e+00
8.557815390285892221e-01 -3.209659796023606182e-01 0.000000000000000000e+00 0.000000000000000000e+00 0.000000000000000000e+00
0.000000000000000000e+00 -1.729142979522198420e+00 0.000000000000000000e+00 0.000000000000000000e+00 0.000000000000000000e+00
0.000000000000000000e+00 -4.194321936684719532e-01 0.000000000000000000e+00 0.000000000000000000e+00 0.000000000000000000e+00
0.000000000000000000e+00 -1.000000000000000000e+00 0.000000000000000000e+00 0.000000000000000000e+00 0.000000000000000000e+00
0.000000000000000000e+00 1.000000000000000000e+00 0.000000000000000000e+00 0.000000000000000000e+00 0.000000000000000000e+00
6.849472982006976629e-02 -3.218084498476202704e+00 -3.551034582101093573e+00 0.000000000000000000e+00 0.000000000000000000e+00
1.553403094287272579e-01 -9.444222087505362850e+00 -9.202105520663725002e+00 0.000000000000000000e+00 0.000000000000000000e+00
3.397100485076082995e-66 -1.168093558383218392e-02 1.017193316677747761e-01 0.000000000000000000e+00 0.000000000000000000e+00
3.484492905753199254e-01 3.312181172491857756e-02 3.312181172491857756e-02 0.000000000000000000e+00 0.000000000000000000e+00
-1.264261253597995554e-16 -2.064695313747968441e+00 -2.064695313747968441e+00 0.000000000000000000e+00 0.000000000000000000e+00
-1.147250135262689819e+00 -8.228068888960546334e-02 -8.228068888960544947e-02 0.000000000000000000e+00 0.000000000000000000e+00
1.405646844540017426e+00 -7.534765308724058475e-01 -7.534765308724058475e-01 0.000000000000000000e+00 0.000000000000000000e+00
-2.222797476589286614e+00 2.656167173875147447e-01 2.656167173875147447e-01 0.000000000000000000e+00 0.000000000000000000e+00
0.000000000000000000e+00 0.000000000000000000e+00 -3.355523342257700214e-01 0.000000000000000000e+00 0.000000000000000000e+00
0.000000000000000000e+00 0.000000000000000000e+00 1.695762724467100746e+00 0.000000000000000000e+00 0.000000000000000000e+00
0.000000000000000000e+00 0.000000000000000000e+00 1.000000000000000000e+00 0.000000000000000000e+00 0.000000000000000000e+00
0.000000000000000000e+00 0.000000000000000000e+00 1.000000000000000000e+00 0.000000000000000000e+00 0.000000000000000000e+00
-1.348866786228593018e-01 8.974413727047007683e+00 7.551881287788831720e+00 8.820860586066615383e+00 0.000000000000000000e+00
4.471955463896640920e-02 -1.168093558383246668e-02 1.017193316677744985e-01 -2.868351628929339105e-16 0.000000000000000000e+00
9.826988095422205527e-01 4.402951629735267491e-02 4.402951629735267491e-02 4.402951629735267491e-02 0.000000000000000000e+00
-2.841705509194594317e-16 -4.000819073096371525e+00 -4.000819073096371525e+00 -4.000819073096371525e+00 0.000000000000000000e+00
-1.837750815611105537e-01 -4.402951629735263328e-02 -4.402951629735263328e-02 -4.402951629735263328e-02 0.000000000000000000e+00
9.648124240011313191e+00 -3.779844684381618025e-01 -3.779844684381618025e-01 -3.779844684381618025e-01 0.000000000000000000e+00
-1.731209080741347606e+00 -5.834326173943738675e-02 -5.834326173943738675e-02 -5.834326173943738675e-02 0.000000000000000000e+00
6.400382110987138384e-01 7.038514507698013789e-01 7.038514507698013789e-01 7.038514507698013789e-01 0.000000000000000000e+00
0.000000000000000000e+00 0.000000000000000000e+00 0.000000000000000000e+00 -1.936123759348403528e+00 0.000000000000000000e+00
0.000000000000000000e+00 0.000000000000000000e+00 0.000000000000000000e+00 1.690621811366437299e+00 0.000000000000000000e+00
0.000000000000000000e+00 0.000000000000000000e+00 0.000000000000000000e+00 1.000000000000000000e+00 0.000000000000000000e+00
0.000000000000000000e+00 0.000000000000000000e+00 0.000000000000000000e+00 1.000000000000000000e+00 0.000000000000000000e+00
2.590797573795937392e-02 9.717596688607331723e-01 4.660372428977134218e-01 8.331509997282532387e-01 0.000000000000000000e+00
-2.208672345348710042e-01 -8.744720835945209103e+00 -7.295194338972172510e+00 -8.595922648461698401e+00 7.570725392339200388e-01
1.016228023023697385e-01 2.672420273519088951e+00 2.191425291985761525e+00 2.589081962794920422e+00 3.757733717607945945e+00
3.218426751668638230e-01 2.801543073392320338e+00 3.304399162888412178e+00 2.959213453352918410e+00 1.930998680034427923e-16
-1.796258141737911096e+00 -4.565502488733103270e+00 -4.565502488733103270e+00 -4.565502488733103270e+00 -2.691057981586938652e+00
-1.009380256313086921e+00 -1.319208481379528231e-01 -1.319208481379527120e-01 -1.319208481379527120e-01 2.212154284948163463e-01
8.611170970869066466e+00 3.517663860931521391e-01 3.517663860931521391e-01 3.517663860931521391e-01 6.995646231287495631e+00
1.563490322208578309e+00 5.007170015907373983e-01 5.007170015907375094e-01 5.007170015907376204e-01 3.077064731097101102e+00
-7.866215041492279347e-01 -8.459829722684221176e-01 -8.459829722684217845e-01 -8.459829722684217845e-01 3.240692699507183860e+00
0.000000000000000000e+00 0.000000000000000000e+00 0.000000000000000000e+00 0.000000000000000000e+00 -2.641110626523612837e-02
0.000000000000000000e+00 0.000000000000000000e+00 0.000000000000000000e+00 0.000000000000000000e+00 -5.715807789307607578e-01
0.000000000000000000e+00 0.000000000000000000e+00 0.000000000000000000e+00 0.000000000000000000e+00 -1.000000000000000000e+00
0.000000000000000000e+00 0.000000000000000000e+00 0.000000000000000000e+00 0.000000000000000000e+00 1.000000000000000000e+00
