-1.348813794089679374e-33 0.000000000000000000e+00 0.000000000000000000e+00 0.000000000000000000e+00 0.000000000000000000e+00
-4.405560182834018828e-17 0.000000000000000000e+00 0.000000000000000000e+00 0.000000000000000000e+00 0.000000000000000000e+00
-1.532538077932198206e+00 0.000000000000000000e+00 0.000000000000000000e+00 0.000000000000000000e+00 0.000000000000000000e+00
-1.000000000000000000e+00 0.000000000000000000e+00 0.000000000000000000e+00 0.000000000000000000e+00 0.000000000000000000e+00
1.000000000000000000e+00 0.000000000000000000e+00 0.000000000000000000e+00 0.000000000000000000e+00 0.000000000000000000e+00
-2.362089950006480699e-01 2.322307321876921460e+00 0.000000000000000000e+00 0.000000000000000000e+00 0.000000000000000000e+00
-1.115409361617913375e-01 1.105085324441901670e-66 0.000000000000000000e+00 0.000000000000000000e+00 0.000000000000000000e+00
1.937122074409520778e-01 5.915319281388332628e-01 0.000000000000000000e+00 0.000000000000000000e+00 0.000000000000000000e+00
1.995559235929830644e+00 2.028946669203184783e+00 0.000000000000000000e+00 0.000000000000000000e+00 0.000000000000000000e+00
-8.630570983322808365e-01 3.472826017184782454e-01 0.000000000000000000e+00 0.000000000000000000e+00 0.000000000000000000e+00
0.000000000000000000e+00 1.020911150785014154e+00 0.000000000000000000e+00 0.000000000000000000e+00 0.000000000000000000e+00
0.000000000000000000e+00 6.852233525898991928e-01 0.000000000000000000e+00 0.000000000000000000e+00 0.000000000000000000e+00
0.000000000000000000e+00 1.000000000000000000e+00 0.000000000000000000e+00 0.000000000000000000e+00 0.000000000000000000e+00
0.000000000000000000e+00 1.000000000000000000e+00 0.000000000000000000e+00 0.000000000000000000e+00 0.000000000000000000e+00
-9.982011239248229917e-02 -6.997541664494578484e+00 -6.839409038845067457e+00 0.000000000000000000e+00 0.000000000000000000e+00
1.269432108133241865e-01 7.477303901589890778e+00 7.283497319805766423e+00 0.000000000000000000e+00 0.000000000000000000e+00
-1.501218352806551778e-65 4.876067337492855785e-02 3.421328987414509748e-02 0.000000000000000000e+00 0.000000000000000000e+00
-6.560417477856896884e-01 -1.174304272504462565e+00 -1.174304272504462565e+00 0.000000000000000000e+00 0.000000000000000000e+00
6.134384618695661492e-17 1.001821034924788911e+00 1.001821034924788911e+00 0.000000000000000000e+00 0.000000000000000000e+00
-3.526977281133687470e-01 1.739473519029475709e-02 1.739473519029477444e-02 0.000000000000000000e+00 0.000000000000000000e+00
6.376295935140871007e-01 -2.534317768455191522e-01 -2.534317768455191522e-01 0.000000000000000000e+00 0.000000000000000000e+00
7.786468077381268893e-01 -2.553157449257601463e-01 -2.553157449257601463e-01 0.000000000000000000e+00 0.000000000000000000e+00
0.000000000000000000e+00 0.000000000000000000e+00 -1.909011586022524298e-02 0.000000000000000000e+00 0.000000000000000000e+00
0.000000000000000000e+00 0.000000000000000000e+00 -3.753765853306916256e-01 0.000000000000000000e+00 0.000000000000000000e+00
0.000000000000000000e+00 0.000000000000000000e+00 -1.000000000000000000e+00 0.000000000000000000e+00 0.000000000000000000e+00
0.000000000000000000e+00 0.000000000000000000e+00 1.000000000000000000e+00 0.000000000000000000e+00 0.000000000000000000e+00
9.886514686533805218e-02 8.239313414913816302e+00 7.785479021131388677e+00 7.607482650472105590e+00 0.000000000000000000e+00
-1.976209312861930689e-01 4.876067337492894643e-02 3.421328987414547218e-02 3.832920239923426974e-16 0.000000000000000000e+00
6.560958775379531760e-01 -1.162226581672211712e+00 -1.162226581672211712e+00 -1.162226581672211712e+00 0.000000000000000000e+00
5.437023006644492028e-17 2.874321829683559315e+00 2.874321829683559315e+00 2.874321829683559315e+00 0.000000000000000000e+00
-1.015837166691801574e+00 1.162226581672211712e+00 1.162226581672211712e+00 1.162226581672211712e+00 0.000000000000000000e+00
2.096999523572143254e+00 -2.354532562558224185e-01 -2.354532562558224185e-01 -2.354532562558224185e-01 0.000000000000000000e+00
-1.215053979978573118e-01 -3.364255726299445470e-01 -3.364255726299445470e-01 -3.364255726299445470e-01 0.000000000000000000e+00
1.986388588780150455e+00 -2.719844834555875113e-01 -2.719844834555875113e-01 -2.719844834555875113e-01 0.000000000000000000e+00
0.000000000000000000e+00 0.000000000000000000e+00 0.000000000000000000e+00 1.872500794758770404e+00 0.000000000000000000e+00
0.000000000000000000e+00 0.000000000000000000e+00 0.000000000000000000e+00 -8.440218637745688923e-01 0.000000000000000000e+00
0.000000000000000000e+00 0.000000000000000000e+00 0.000000000000000000e+00 -1.000000000000000000e+00 0.000000000000000000e+00
0.000000000000000000e+00 0.000000000000000000e+00 0.000000000000000000e+00 1.000000000000000000e+00 0.000000000000000000e+00
6.186449696570101194e-03 -7.310996528633599834e-01 -2.150298563029930499e+00 -1.283234550779253302e+00 0.000000000000000000e+00
2.111387328519060413e-01 -6.742649154503626896e+00 -6.409949550996116407e+00 -6.205531312150299073e+00 -3.533582994644354436e+00
6.143594985188896018e-01 4.789784072157175387e+00 4.488580304679283373e+00 4.487209107454708246e+00 -4.708082228868105901e+00
1.553851399460784433e-01 -5.565138664790814538e+00 -5.269524014790110122e+00 -5.513160257856707602e+00 1.136148153936593850e-18
-7.417579958110550598e-01 1.459578472766740020e+00 1.459578472766740020e+00 1.459578472766740020e+00 2.069504541288450516e-01
-1.493357167077414172e+00 1.110279640086500708e+00 1.110279640086500708e+00 1.110279640086500708e+00 -1.463334761877256307e+00
-1.348863218550547527e-01 3.747161414816770453e+00 3.747161414816770453e+00 3.747161414816770453e+00 -1.223344737424906015e+00
-7.219383522195850222e-01 7.372366626853814608e-01 7.372366626853814608e-01 7.372366626853814608e-01 -1.836013755131427505e+00
-1.851614143766330489e+00 6.039784921100430637e-01 6.039784921100430637e-01 6.039784921100430637e-01 -7.517873118826023937e-01
0.000000000000000000e+00 0.000000000000000000e+00 0.000000000000000000e+00 0.000000000000000000e+00 -6.555421158154159933e-01
0.000000000000000000e+00 0.000000000000000000e+00 0.000000000000000000e+00 0.000000000000000000e+00 5.178861479125407286e-02
0.000000000000000000e+00 0.000000000000000000e+00 0.000000000000000000e+00 0.000000000000000000e+00 1.000000000000000000e+00
0.000000000000000000e+00 0.000000000000000000e+00 0.000000000000000000e+00 0.000000000000000000e+00 1.000000000000000000e+00
