4.415857780101310810e-33 0.000000000000000000e+00 0.000000000000000000e+00 0.000000000000000000e+00 0.000000000000000000e+00
1.442328607130087309e-16 0.000000000000000000e+00 0.000000000000000000e+00 0.000000000000000000e+00 0.000000000000000000e+00
1.710525468498672375e+00 0.000000000000000000e+00 0.000000000000000000e+00 0.000000000000000000e+00 0.000000000000000000e+00
1.000000000000000000e+00 0.000000000000000000e+00 0.000000000000000000e+00 0.000000000000000000e+00 0.000000000000000000e+00
1.000000000000000000e+00 0.000000000000000000e+00 0.000000000000000000e+00 0.000000000000000000e+00 0.000000000000000000e+00
3.654780278093783252e-01 4.414866630000584991e+00 0.000000000000000000e+00 0.000000000000000000e+00 0.000000000000000000e+00
-3.574182868749255504e-01 -6.475108529926814744e-66 0.000000000000000000e+00 0.000000000000000000e+00 0.000000000000000000e+00
-8.589555711113068259e-01 1.208111920563315955e+00 0.000000000000000000e+00 0.000000000000000000e+00 0.000000000000000000e+00
-3.403669889088040357e+00 1.650072064607315703e+00 0.000000000000000000e+00 0.000000000000000000e+00 0.000000000000000000e+00
-9.666055119309163723e-01 -1.041478672342032841e+00 0.000000000000000000e+00 0.000000000000000000e+00 0.000000000000000000e+00
0.000000000000000000e+00 1.931467643684190438e+00 0.000000000000000000e+00 0.000000000000000000e+00 0.000000000000000000e+00
0.000000000000000000e+00 1.260071565529568005e+00 0.000000000000000000e+00 0.000000000000000000e+00 0.000000000000000000e+00
0.000000000000000000e+00 1.000000000000000000e+00 0.000000000000000000e+00 0.000000000000000000e+00 0.000000000000000000e+00
0.000000000000000000e+00 1.000000000000000000e+00 0.000000000000000000e+00 0.000000000000000000e+00 0.000000000000000000e+00
3.899605983723131719e-01 -9.664701777883150768e+00 -8.941525220474069613e+00 0.000000000000000000e+00 0.000000000000000000e+00
2.586612670788424051e-02 -6.081923729912088739e-01 -7.862865337370497087e-01 0.000000000000000000e+00 0.000000000000000000e+00
-2.304980488080979437e-65 -6.836014988100094780e-02 1.687841488015092567e-02 0.000000000000000000e+00 0.000000000000000000e+00
1.219323981989178796e+00 3.088464886262141662e-01 3.088464886262141662e-01 0.000000000000000000e+00 0.000000000000000000e+00
2.174520341994732637e-16 3.551261218350821203e+00 3.551261218350821203e+00 0.000000000000000000e+00 0.000000000000000000e+00
2.592375979280046039e-01 2.859952946235167826e+00 2.859952946235168270e+00 0.000000000000000000e+00 0.000000000000000000e+00
-3.999245560076267747e-01 -1.250252954085253609e-01 -1.250252954085253609e-01 0.000000000000000000e+00 0.000000000000000000e+00
3.528746050314157223e+00 1.171095791379270112e+00 1.171095791379270112e+00 0.000000000000000000e+00 0.000000000000000000e+00
0.000000000000000000e+00 0.000000000000000000e+00 1.619793574666630764e+00 0.000000000000000000e+00 0.000000000000000000e+00
0.000000000000000000e+00 0.000000000000000000e+00 -1.411950566504228011e+00 0.000000000000000000e+00 0.000000000000000000e+00
0.000000000000000000e+00 0.000000000000000000e+00 -1.000000000000000000e+00 0.000000000000000000e+00 0.000000000000000000e+00
0.000000000000000000e+00 0.000000000000000000e+00 1.000000000000000000e+00 0.000000000000000000e+00 0.000000000000000000e+00
-2.794718170582675132e-01 5.134101400214017730e+00 4.515823874606258670e+00 4.784569207837369831e+00 0.000000000000000000e+00
-3.034284718138959835e-01 -6.836014988100046208e-02 1.687841488015138711e-02 5.022532044033200487e-16 0.000000000000000000e+00
-5.490703414042688024e-01 -1.239492825850601498e+00 -1.239492825850601498e+00 -1.239492825850601498e+00 0.000000000000000000e+00
2.000210561895262694e-16 4.632818745203712396e+00 4.632818745203712396e+00 4.632818745203712396e+00 0.000000000000000000e+00
1.726821026854389096e+00 1.239492825850601498e+00 1.239492825850601498e+00 1.239492825850601498e+00 0.000000000000000000e+00
4.538784006272421401e+00 1.030509620019708361e+00 1.030509620019708361e+00 1.030509620019708361e+00 0.000000000000000000e+00
2.816936253436083337e+00 1.554189694820340861e+00 1.554189694820340861e+00 1.554189694820340861e+00 0.000000000000000000e+00
1.366227000893630583e+00 5.702162748686372407e-01 5.702162748686372407e-01 5.702162748686372407e-01 0.000000000000000000e+00
0.000000000000000000e+00 0.000000000000000000e+00 0.000000000000000000e+00 1.081557526852891638e+00 0.000000000000000000e+00
0.000000000000000000e+00 0.000000000000000000e+00 0.000000000000000000e+00 -8.491511430503653202e-01 0.000000000000000000e+00
0.000000000000000000e+00 0.000000000000000000e+00 0.000000000000000000e+00 -1.000000000000000000e+00 0.000000000000000000e+00
0.000000000000000000e+00 0.000000000000000000e+00 0.000000000000000000e+00 1.000000000000000000e+00 0.000000000000000000e+00
4.819722685828201070e-02 -1.605427704959910828e+00 -2.767767400401850431e+00 -1.626862549759018783e+00 0.000000000000000000e+00
7.264824338339954668e-01 -1.022154112752939215e+00 -7.900225387445573011e-01 -8.548728763261489449e-01 -7.354107790521496213e+00
-4.536187292174208574e-01 4.473544266005501591e+00 4.604784479674517428e+00 4.420731070423589593e+00 -1.286923922476473692e+00
5.226273191106489691e-02 -6.805061351752866194e+00 -6.096544090306694308e+00 -6.722927196182029164e+00 -7.090249083340641248e-17
-2.019485596269574579e+00 1.811703144132917886e+00 1.811703144132917886e+00 1.811703144132917886e+00 -1.260670838726391185e+00
-5.864264024375367423e-01 -1.438622518191538413e+00 -1.438622518191538635e+00 -1.438622518191538413e+00 5.276826491235725447e-01
1.188103579607794780e+00 2.593399429437434733e+00 2.593399429437434733e+00 2.593399429437434733e+00 2.038156087344782375e+00
-1.769033560342983868e+00 7.716055463135250703e-01 7.716055463135252923e-01 7.716055463135250703e-01 -3.268138531976929606e+00
1.227630131297475113e+00 1.441780597784428908e+00 1.441780597784429352e+00 1.441780597784428908e+00 -1.108023382530733070e+00
0.000000000000000000e+00 0.000000000000000000e+00 0.000000000000000000e+00 0.000000000000000000e+00 -1.540752918324880483e+00
0.000000000000000000e+00 0.000000000000000000e+00 0.000000000000000000e+00 0.000000000000000000e+00 -1.789373693049887581e+00
0.000000000000000000e+00 0.000000000000000000e+00 0.000000000000000000e+00 0.000000000000000000e+00 -1.000000000000000000e+00
0.000000000000000000e+00 0.000000000000000000e+00 0.000000000000000000e+00 0.000000000000000000e+00 1.000000000000000000e+00
