5.312227493286758919e-34 0.000000000000000000e+00 0.000000000000000000e+00 0.000000000000000000e+00 0.000000000000000000e+00
1.735105173829819769e-17 0.000000000000000000e+00 0.000000000000000000e+00 0.000000000000000000e+00 0.000000000000000000e+00
1.269939546852328682e+00 0.000000000000000000e+00 0.000000000000000000e+00 0.000000000000000000e+00 0.000000000000000000e+00
1.000000000000000000e+00 0.000000000000000000e+00 0.000000000000000000e+00 0.000000000000000000e+00 0.000000000000000000e+00
1.000000000000000000e+00 0.000000000000000000e+00 0.000000000000000000e+00 0.000000000000000000e+00 0.000000000000000000e+00
-2.294696490015154522e-01 9.143273638833566253e+00 0.000000000000000000e+00 0.000000000000000000e+00 0.000000000000000000e+00
-1.872104685884569963e-01 -1.521391794795686154e-66 0.000000000000000000e+00 0.000000000000000000e+00 0.000000000000000000e+00
-7.393493953058533075e-01 6.033800350732192452e-01 0.000000000000000000e+00 0.000000000000000000e+00 0.000000000000000000e+00
1.247260869706166231e+00 -1.069897777203951961e+00 0.000000000000000000e+00 0.000000000000000000e+00 0.000000000000000000e+00
1.639913837539599961e-01 -5.812410770148170036e-02 0.000000000000000000e+00 0.000000000000000000e+00 0.000000000000000000e+00
0.000000000000000000e+00 1.034217127366768629e+00 0.000000000000000000e+00 0.000000000000000000e+00 0.000000000000000000e+00
0.000000000000000000e+00 8.031511736858836237e-01 0.000000000000000000e+00 0.000000000000000000e+00 0.000000000000000000e+00
0.000000000000000000e+00 1.000000000000000000e+00 0.000000000000000000e+00 0.000000000000000000e+00 0.000000000000000000e+00
0.000000000000000000e+00 1.000000000000000000e+00 0.000000000000000000e+00 0.000000000000000000e+00 0.000000000000000000e+00
3.021657464052491804e-01 -9.700742232339701232e+00 -9.353836451401052798e+00 0.000000000000000000e+00 0.000000000000000000e+00
1.013407813547258507e-01 -6.275648102916561166e-01 -7.980643311462471967e-01 0.000000000000000000e+00 0.000000000000000000e+00
-1.214215032247851935e-65 -1.842809802525623153e-02 1.599559029202883348e-03 0.000000000000000000e+00 0.000000000000000000e+00
7.998452154051299834e-02 1.343982646222179889e-01 1.343982646222179889e-01 0.000000000000000000e+00 0.000000000000000000e+00
8.843056606761930137e-17 1.444180740588846490e+00 1.444180740588846490e+00 0.000000000000000000e+00 0.000000000000000000e+00
-7.418904701105339949e-01 1.590188525437137512e+00 1.590188525437137290e+00 0.000000000000000000e+00 0.000000000000000000e+00
-2.027463633919761032e-01 -1.184858540150284315e-02 -1.184858540150284315e-02 0.000000000000000000e+00 0.000000000000000000e+00
1.432242553688253039e+00 1.411857836487466766e-01 1.411857836487466766e-01 0.000000000000000000e+00 0.000000000000000000e+00
0.000000000000000000e+00 0.000000000000000000e+00 4.099636132220778606e-01 0.000000000000000000e+00 0.000000000000000000e+00
0.000000000000000000e+00 0.000000000000000000e+00 -5.163400578055861168e-01 0.000000000000000000e+00 0.000000000000000000e+00
0.000000000000000000e+00 0.000000000000000000e+00 -1.000000000000000000e+00 0.000000000000000000e+00 0.000000000000000000e+00
0.000000000000000000e+00 0.000000000000000000e+00 1.000000000000000000e+00 0.000000000000000000e+00 0.000000000000000000e+00
-2.860977690738748525e-01 9.342756032344741612e+00 9.071355117125364131e+00 9.155263720226496815e+00 0.000000000000000000e+00
-1.598397095305402749e-01 -1.842809802525605806e-02 1.599559029203059205e-03 1.770959246632076225e-16 0.000000000000000000e+00
9.703185032510822094e-02 -4.621736190680100220e-01 -4.621736190680100220e-01 -4.621736190680100220e-01 0.000000000000000000e+00
1.684429985945322140e-18 5.082597336918617259e-01 5.082597336918617259e-01 5.082597336918617259e-01 0.000000000000000000e+00
4.465023915880439453e-02 4.621736190680100220e-01 4.621736190680100220e-01 4.621736190680100220e-01 0.000000000000000000e+00
1.654870237525719323e-01 4.256954144617727115e-02 4.256954144617727115e-02 4.256954144617727115e-02 0.000000000000000000e+00
3.220899723910908286e-01 -1.321564718020310503e+00 -1.321564718020310503e+00 -1.321564718020310503e+00 0.000000000000000000e+00
4.807509044176898616e-01 1.351356674664006829e-01 1.351356674664006829e-01 1.351356674664006829e-01 0.000000000000000000e+00
0.000000000000000000e+00 0.000000000000000000e+00 0.000000000000000000e+00 -9.359210068969847640e-01 0.000000000000000000e+00
0.000000000000000000e+00 0.000000000000000000e+00 0.000000000000000000e+00 -1.710736664565564169e-01 0.000000000000000000e+00
0.000000000000000000e+00 0.000000000000000000e+00 0.000000000000000000e+00 -1.000000000000000000e+00 0.000000000000000000e+00
0.000000000000000000e+00 0.000000000000000000e+00 0.000000000000000000e+00 1.000000000000000000e+00 0.000000000000000000e+00
6.188908014363384003e-02 -1.307975875153438050e+00 -1.914983435862507744e+00 -6.283085171333822050e-01 0.000000000000000000e+00
4.871897230551033853e-02 -3.210303616132279103e+00 -3.206992709830990940e+00 -3.251807854620371696e+00 2.818898806917660593e+00
2.770359554434063121e-01 -8.641829169183361969e+00 -8.648319901687933964e+00 -8.578103462636601506e+00 -7.028561791118752566e-01
1.644645814201649292e-01 -2.860858642475020641e+00 -2.849796862578024115e+00 -2.872102388174302856e+00 -2.166779413141870885e-17
5.276865185810255404e-02 2.871816066852844740e-01 2.871816066852844740e-01 2.871816066852844740e-01 -1.202236532165951687e-02
-3.493360220420010376e-01 -1.826437053999104831e-01 -1.826437053999104276e-01 -1.826437053999103999e-01 -3.837108351786303606e-01
3.086209861317363301e-01 -1.046375173814184656e-01 -1.046375173814184933e-01 -1.046375173814184656e-01 1.571572681124006055e-01
3.643032361766729288e-02 -2.862805577601751361e-01 -2.862805577601751361e-01 -2.862805577601751361e-01 -7.394651894133913439e-02
-2.066716901089510339e-01 2.007874207514981357e-01 2.007874207514980247e-01 2.007874207514981357e-01 -3.177265268190320735e-01
0.000000000000000000e+00 0.000000000000000000e+00 0.000000000000000000e+00 0.000000000000000000e+00 -4.746852916731705285e-01
0.000000000000000000e+00 0.000000000000000000e+00 0.000000000000000000e+00 0.000000000000000000e+00 -1.689933560148795255e+00
0.000000000000000000e+00 0.000000000000000000e+00 0.000000000000000000e+00 0.000000000000000000e+00 -1.000000000000000000e+00
0.000000000000000000e+00 0.000000000000000000e+00 0.000000000000000000e+00 0.000000000000000000e+00 1.000000000000000000e+00
