-6.990474601088485510e-33 0.000000000000000000e+00 0.000000000000000000e+00 0.000000000000000000e+00 0.000000000000000000e+00
-2.283262278056176258e-16 0.000000000000000000e+00 0.000000000000000000e+00 0.000000000000000000e+00 0.000000000000000000e+00
1.084368047052593376e+00 0.000000000000000000e+00 0.000000000000000000e+00 0.000000000000000000e+00 0.000000000000000000e+00
1.000000000000000000e+00 0.000000000000000000e+00 0.000000000000000000e+00 0.000000000000000000e+00 0.000000000000000000e+00
1.000000000000000000e+00 0.000000000000000000e+00 0.000000000000000000e+00 0.000000000000000000e+00 0.000000000000000000e+00
2.142304609553692396e-01 -6.769113604493586678e+00 0.000000000000000000e+00 0.000000000000000000e+00 0.000000000000000000e+00
7.392716076056053687e-02 -1.517712826864796992e-65 0.000000000000000000e+00 0.000000000000000000e+00 0.000000000000000000e+00
-1.284409127943024975e+00 -5.873562825260379983e-01 0.000000000000000000e+00 0.000000000000000000e+00 0.000000000000000000e+00
-1.835176444821143393e+00 5.179926043009341896e-02 0.000000000000000000e+00 0.000000000000000000e+00 0.000000000000000000e+00
-6.177529842279246841e-01 1.347072939709218709e+00 0.000000000000000000e+00 0.000000000000000000e+00 0.000000000000000000e+00
0.000000000000000000e+00 7.760771433666584507e-01 0.000000000000000000e+00 0.000000000000000000e+00 0.000000000000000000e+00
0.000000000000000000e+00 -2.872019682554625142e-01 0.000000000000000000e+00 0.000000000000000000e+00 0.000000000000000000e+00
0.000000000000000000e+00 -1.000000000000000000e+00 0.000000000000000000e+00 0.000000000000000000e+00 0.000000000000000000e+00
0.000000000000000000e+00 1.000000000000000000e+00 0.000000000000000000e+00 0.000000000000000000e+00 0.000000000000000000e+00
-8.754984292367721244e-01 9.564954807393371894e+00 9.740114393689013994e+00 0.000000000000000000e+00 0.000000000000000000e+00
-1.702800061641734919e-02 1.156154398385318416e+00 1.224673317870760947e+00 0.000000000000000000e+00 0.000000000000000000e+00
5.737498386527519241e-66 -1.643596609561040478e-01 3.543260890876583774e-02 0.000000000000000000e+00 0.000000000000000000e+00
-1.897207127686262318e+00 1.638820200105095548e-01 1.638820200105095548e-01 0.000000000000000000e+00 0.000000000000000000e+00
-2.807825383857945167e-17 -4.585526840576173990e-01 -4.585526840576173990e-01 0.000000000000000000e+00 0.000000000000000000e+00
3.921545751178512340e-02 1.129249090299138780e+00 1.129249090299138780e+00 0.000000000000000000e+00 0.000000000000000000e+00
-1.186279393090527989e-02 -2.624637696945616994e-01 -2.624637696945616994e-01 0.000000000000000000e+00 0.000000000000000000e+00
4.614782578339879926e-01 1.845858571638890888e+00 1.845858571638890888e+00 0.000000000000000000e+00 0.000000000000000000e+00
0.000000000000000000e+00 0.000000000000000000e+00 -1.234629827424275739e+00 0.000000000000000000e+00 0.000000000000000000e+00
0.000000000000000000e+00 0.000000000000000000e+00 5.178960803688914538e-01 0.000000000000000000e+00 0.000000000000000000e+00
0.000000000000000000e+00 0.000000000000000000e+00 1.000000000000000000e+00 0.000000000000000000e+00 0.000000000000000000e+00
0.000000000000000000e+00 0.000000000000000000e+00 1.000000000000000000e+00 0.000000000000000000e+00 0.000000000000000000e+00
8.337193047986264371e-01 -9.884276016777768348e+00 -9.940182980597683127e+00 -9.787783003743536270e+00 0.000000000000000000e+00
7.552863794123278185e-02 -1.643596609561041311e-01 3.543260890876575447e-02 -7.035799022651082384e-17 0.000000000000000000e+00
-1.621781177137558150e-01 -1.563296401269522462e-01 -1.563296401269522462e-01 -1.563296401269522462e-01 0.000000000000000000e+00
1.158325065822830223e-16 9.635480019290805220e-01 9.635480019290805220e-01 9.635480019290805220e-01 0.000000000000000000e+00
-1.702247020739125594e+00 1.563296401269523572e-01 1.563296401269523572e-01 1.563296401269523572e-01 0.000000000000000000e+00
-3.264589771648004346e-01 2.501364801261720117e-01 2.501364801261720117e-01 2.501364801261720117e-01 0.000000000000000000e+00
-1.428349131077756073e+00 -1.133524127817067351e+00 -1.133524127817067351e+00 -1.133524127817067351e+00 0.000000000000000000e+00
-9.281403879467604590e-01 1.847569440699086352e+00 1.847569440699086352e+00 1.847569440699086352e+00 0.000000000000000000e+00
0.000000000000000000e+00 0.000000000000000000e+00 0.000000000000000000e+00 1.422100685986698032e+00 0.000000000000000000e+00
0.000000000000000000e+00 0.000000000000000000e+00 0.000000000000000000e+00 -6.767721955113001897e-01 0.000000000000000000e+00
0.000000000000000000e+00 0.000000000000000000e+00 0.000000000000000000e+00 -1.000000000000000000e+00 0.000000000000000000e+00
0.000000000000000000e+00 0.000000000000000000e+00 0.000000000000000000e+00 1.000000000000000000e+00 0.000000000000000000e+00
-1.780905720251986235e-01 2.726208520442518601e+00 1.615457604362151578e+00 2.888514784044523553e-01 0.000000000000000000e+00
-1.268845530146514466e+00 1.241915322985764458e+00 9.835262654615767319e-01 8.678150801892348110e-01 1.364351708846049727e+00
1.048411990028101259e+00 -8.358122223525372263e+00 -8.862746847251967708e+00 -8.667471060520384185e+00 -6.604796512071627879e-01
-3.911795227671991393e-01 1.649087257135549489e+00 1.529972632055778270e+00 1.500980384544662538e+00 3.181696083562976635e-17
-7.170660845731734179e-02 -2.764864103747431967e-01 -2.764864103747431967e-01 -2.764864103747431967e-01 5.449049390183997865e-02
-1.522458668610310983e+00 3.252800596092225716e-01 3.252800596092225716e-01 3.252800596092225716e-01 1.671380042705257862e+00
3.720413750931263475e-01 9.448269813924122795e-01 9.448269813924122795e-01 9.448269813924122795e-01 -1.912836669523831634e-01
1.521203560101447971e+00 -1.453289187329024124e+00 -1.453289187329024124e+00 -1.453289187329024124e+00 -8.739879314523721909e-01
-1.329891317750180768e+00 -5.067846631629358001e+00 -5.067846631629358001e+00 -5.067846631629358001e+00 1.161457063308410254e+00
0.000000000000000000e+00 0.000000000000000000e+00 0.000000000000000000e+00 0.000000000000000000e+00 -1.112931360184594709e-01
0.000000000000000000e+00 0.000000000000000000e+00 0.000000000000000000e+00 0.000000000000000000e+00 -1.161316183981783379e+00
0.000000000000000000e+00 0.000000000000000000e+00 0.000000000000000000e+00 0.000000000000000000e+00 -1.000000000000000000e+00
0.000000000000000000e+00 0.000000000000000000e+00 0.000000000000000000e+00 0.000000000000000000e+00 1.000000000000000000e+00
