-5.090287880390785964e-33 0.000000000000000000e+00 0.000000000000000000e+00 0.000000000000000000e+00 0.000000000000000000e+00
-1.662614195026626467e-16 0.000000000000000000e+00 0.000000000000000000e+00 0.000000000000000000e+00 0.000000000000000000e+00
-1.697517807633483145e+00 0.000000000000000000e+00 0.000000000000000000e+00 0.000000000000000000e+00 0.000000000000000000e+00
-1.000000000000000000e+00 0.000000000000000000e+00 0.000000000000000000e+00 0.000000000000000000e+00 0.000000000000000000e+00
1.000000000000000000e+00 0.000000000000000000e+00 0.000000000000000000e+00 0.000000000000000000e+00 0.000000000000000000e+00
1.402501599327224957e-01 8.817566203636284072e+00 0.000000000000000000e+00 0.000000000000000000e+00 0.000000000000000000e+00
1.527093626712470141e-02 1.403399244887200112e-65 0.000000000000000000e+00 0.000000000000000000e+00 0.000000000000000000e+00
4.002595546913572111e-01 -1.211259622872827624e+00 0.000000000000000000e+00 0.000000000000000000e+00 0.000000000000000000e+00
-2.247811904970581365e-01 -1.560393281267356880e+00 0.000000000000000000e+00 0.000000000000000000e+00 0.000000000000000000e+00
2.293907681537389609e-01 -6.500267220677854452e-01 0.000000000000000000e+00 0.000000000000000000e+00 0.000000000000000000e+00
0.000000000000000000e+00 2.333620978882811059e-02 0.000000000000000000e+00 0.000000000000000000e+00 0.000000000000000000e+00
0.000000000000000000e+00 -4.985581021806275714e-01 0.000000000000000000e+00 0.000000000000000000e+00 0.000000000000000000e+00
0.000000000000000000e+00 -1.000000000000000000e+00 0.000000000000000000e+00 0.000000000000000000e+00 0.000000000000000000e+00
0.000000000000000000e+00 1.000000000000000000e+00 0.000000000000000000e+00 0.000000000000000000e+00 0.000000000000000000e+00
3.522249705549300725e-01 -3.069265576305514998e+00 -2.709657810490561758e+00 0.000000000000000000e+00 0.000000000000000000e+00
-6.373365601644326306e-02 -9.101976103682977381e+00 -8.894957711832963909e+00 0.000000000000000000e+00 0.000000000000000000e+00
1.830653779872272203e-65 1.526262467960721667e-02 -1.694813635766349580e-01 0.000000000000000000e+00 0.000000000000000000e+00
5.799962148511454973e-01 1.014321794854798675e+00 1.014321794854798675e+00 0.000000000000000000e+00 0.000000000000000000e+00
1.000665073120933617e-16 1.634210082152070420e+00 1.634210082152070420e+00 0.000000000000000000e+00 0.000000000000000000e+00
-6.113122959656602795e-01 -2.046468146383561226e+00 -2.046468146383562114e+00 0.000000000000000000e+00 0.000000000000000000e+00
-1.671977738855144668e+00 1.255417507975073343e+00 1.255417507975073343e+00 0.000000000000000000e+00 0.000000000000000000e+00
2.314611015946980155e-01 -5.167972134153860919e-01 -5.167972134153860919e-01 0.000000000000000000e+00 0.000000000000000000e+00
0.000000000000000000e+00 0.000000000000000000e+00 1.610873872363242310e+00 0.000000000000000000e+00 0.000000000000000000e+00
0.000000000000000000e+00 0.000000000000000000e+00 1.148498884412818555e+00 0.000000000000000000e+00 0.000000000000000000e+00
0.000000000000000000e+00 0.000000000000000000e+00 1.000000000000000000e+00 0.000000000000000000e+00 0.000000000000000000e+00
0.000000000000000000e+00 0.000000000000000000e+00 1.000000000000000000e+00 0.000000000000000000e+00 0.000000000000000000e+00
9.899450131180784207e-02 9.331812145913776391e+00 9.010204680270165412e+00 9.538528059859341823e+00 0.000000000000000000e+00
2.409879310125692953e-01 1.526262467960707442e-02 -1.694813635766350690e-01 -1.317357832026174709e-16 0.000000000000000000e+00
9.182336215117306022e-01 7.974797087860019396e-01 7.974797087860019396e-01 7.974797087860019396e-01 0.000000000000000000e+00
-1.696206901706228000e-17 1.675632125105224191e+00 1.675632125105224191e+00 1.675632125105224191e+00 0.000000000000000000e+00
-2.275861140061738119e+00 -7.974797087860020506e-01 -7.974797087860020506e-01 -7.974797087860020506e-01 0.000000000000000000e+00
6.697886744744733223e-01 3.924854525616860990e-01 3.924854525616860990e-01 3.924854525616860990e-01 0.000000000000000000e+00
-2.353301988939969558e+00 -2.399902319789454452e+00 -2.399902319789454452e+00 -2.399902319789454452e+00 0.000000000000000000e+00
1.952643734148287846e+00 -1.299656742625413086e+00 -1.299656742625413086e+00 -1.299656742625413086e+00 0.000000000000000000e+00
0.000000000000000000e+00 0.000000000000000000e+00 0.000000000000000000e+00 4.142204295315377038e-02 0.000000000000000000e+00
0.000000000000000000e+00 0.000000000000000000e+00 0.000000000000000000e+00 4.480989506355856911e-01 0.000000000000000000e+00
0.000000000000000000e+00 0.000000000000000000e+00 0.000000000000000000e+00 1.000000000000000000e+00 0.000000000000000000e+00
0.000000000000000000e+00 0.000000000000000000e+00 0.000000000000000000e+00 1.000000000000000000e+00 0.000000000000000000e+00
-3.841814384567208279e-02 -6.211695143573274791e-01 1.041586638126129061e-01 5.865392430898941356e-01 0.000000000000000000e+00
-6.682671504782246030e-01 -4.655247426052829596e+00 -4.618711932206466031e+00 -4.921356888799293117e+00 -2.548607045024055218e+00
-3.161536246952257878e-01 -9.346824038675627833e+00 -8.596447787161677567e+00 -9.419713757151184197e+00 9.514241977195617705e-01
-1.873799671200527817e-01 3.345129815724407596e+00 2.916349213216218317e+00 3.229685366439174921e+00 6.979885421828843445e-18
9.547635992507130798e-01 1.956404441310865661e+00 1.956404441310865661e+00 1.956404441310865661e+00 6.949003080186566539e-01
-2.367735693884877701e+00 -1.121592333868698610e+00 -1.121592333868698610e+00 -1.121592333868698610e+00 -1.715484770645004486e+00
-3.223473628521389411e-02 -1.173180558539032026e+00 -1.173180558539032026e+00 -1.173180558539032026e+00 4.011038958145564659e-01
2.212092498945955832e+00 1.383750847662406525e+00 1.383750847662406525e+00 1.383750847662406525e+00 3.702008722163812049e+00
1.505912687156812924e+00 4.929090325816256168e+00 4.929090325816256168e+00 4.929090325816256168e+00 1.581066825230976969e+00
0.000000000000000000e+00 0.000000000000000000e+00 0.000000000000000000e+00 0.000000000000000000e+00 1.230312020972958997e-01
0.000000000000000000e+00 0.000000000000000000e+00 0.000000000000000000e+00 0.000000000000000000e+00 -6.604480732151163380e-01
0.000000000000000000e+00 0.000000000000000000e+00 0.000000000000000000e+00 0.000000000000000000e+00 -1.000000000000000000e+00
0.000000000000000000e+00 0.000000000000000000e+00 0.000000000000000000e+00 0.000000000000000000e+00 1.000000000000000000e+00
