1.365518483402741101e-33 0.000000000000000000e+00 0.000000000000000000e+00 0.000000000000000000e+00 0.000000000000000000e+00
4.460121838732494215e-17 0.000000000000000000e+00 0.000000000000000000e+00 0.000000000000000000e+00 0.000000000000000000e+00
1.069961940654748922e-01 0.000000000000000000e+00 0.000000000000000000e+00 0.000000000000000000e+00 0.000000000000000000e+00
1.000000000000000000e+00 0.000000000000000000e+00 0.000000000000000000e+00 0.000000000000000000e+00 0.000000000000000000e+00
1.000000000000000000e+00 0.000000000000000000e+00 0.000000000000000000e+00 0.000000000000000000e+00 0.000000000000000000e+00
-2.827139379401395411e-02 9.509996763837667899e+00 0.000000000000000000e+00 0.000000000000000000e+00 0.000000000000000000e+00
-5.938800838966912243e-02 -4.152223885627520451e-66 0.000000000000000000e+00 0.000000000000000000e+00 0.000000000000000000e+00
-1.964397582587884550e-02 -2.769678196551116339e-03 0.000000000000000000e+00 0.000000000000000000e+00 0.000000000000000000e+00
2.291901584424471672e-02 -1.001880646641216052e-02 0.000000000000000000e+00 0.000000000000000000e+00 0.000000000000000000e+00
7.909218128693941141e-01 9.099682800656262727e-02 0.000000000000000000e+00 0.000000000000000000e+00 0.000000000000000000e+00
0.000000000000000000e+00 5.686129236566612732e-01 0.000000000000000000e+00 0.000000000000000000e+00 0.000000000000000000e+00
0.000000000000000000e+00 -8.185988093592810877e-01 0.000000000000000000e+00 0.000000000000000000e+00 0.000000000000000000e+00
0.000000000000000000e+00 -1.000000000000000000e+00 0.000000000000000000e+00 0.000000000000000000e+00 0.000000000000000000e+00
0.000000000000000000e+00 1.000000000000000000e+00 0.000000000000000000e+00 0.000000000000000000e+00 0.000000000000000000e+00
3.900953386469557718e-03 -3.825602710460137335e+00 -3.835009138624586811e+00 0.000000000000000000e+00 0.000000000000000000e+00
5.001386926167634972e-02 -9.019797303122333076e+00 -8.944255552502131223e+00 0.000000000000000000e+00 0.000000000000000000e+00
-6.378417172424616117e-66 -9.193443403909783151e-03 4.546658321063461183e-02 0.000000000000000000e+00 0.000000000000000000e+00
8.647954793942286278e-03 4.029114055458951106e-03 4.029114055458951106e-03 0.000000000000000000e+00 0.000000000000000000e+00
-2.069700573215873504e-17 -3.380077545063406852e-01 -3.380077545063406852e-01 0.000000000000000000e+00 0.000000000000000000e+00
-1.673405969470812271e-01 -8.131784058473097432e-03 -8.131784058473099167e-03 0.000000000000000000e+00 0.000000000000000000e+00
1.820570949340376554e-01 -3.367895052639600650e-01 -3.367895052639600650e-01 0.000000000000000000e+00 0.000000000000000000e+00
-4.457655034596973431e-01 1.386072968350538781e-01 1.386072968350538781e-01 0.000000000000000000e+00 0.000000000000000000e+00
0.000000000000000000e+00 0.000000000000000000e+00 -9.066206781630019584e-01 0.000000000000000000e+00 0.000000000000000000e+00
0.000000000000000000e+00 0.000000000000000000e+00 1.404202859680356852e+00 0.000000000000000000e+00 0.000000000000000000e+00
0.000000000000000000e+00 0.000000000000000000e+00 1.000000000000000000e+00 0.000000000000000000e+00 0.000000000000000000e+00
0.000000000000000000e+00 0.000000000000000000e+00 1.000000000000000000e+00 0.000000000000000000e+00 0.000000000000000000e+00
6.183127434805458372e-02 2.004417085674104482e-01 7.976884204602563422e-02 -2.552880384939480995e-01 0.000000000000000000e+00
-8.396571620576416539e-02 -9.193443403909175998e-03 4.546658321063517388e-02 5.972966583710765539e-16 0.000000000000000000e+00
3.468372886633872554e-01 3.960837426612816292e-04 3.960837426612816292e-04 3.960837426612816292e-04 0.000000000000000000e+00
2.969730175045490362e-16 -3.590447946808326130e-01 -3.590447946808326130e-01 -3.590447946808326130e-01 0.000000000000000000e+00
1.735929780038442116e-02 -3.960837426612823882e-04 -3.960837426612823882e-04 -3.960837426612823882e-04 0.000000000000000000e+00
-5.396964851458014856e-01 3.639782845396666855e-01 3.639782845396666855e-01 3.639782845396666855e-01 0.000000000000000000e+00
-5.131564881784880239e-01 1.142074528813346972e-02 1.142074528813346972e-02 1.142074528813346972e-02 0.000000000000000000e+00
-5.208982224988294440e+00 -1.260801235029348523e-02 -1.260801235029348523e-02 -1.260801235029348523e-02 0.000000000000000000e+00
0.000000000000000000e+00 0.000000000000000000e+00 0.000000000000000000e+00 -2.103704017449192776e-02 0.000000000000000000e+00
0.000000000000000000e+00 0.000000000000000000e+00 0.000000000000000000e+00 1.700121986655096062e+00 0.000000000000000000e+00
0.000000000000000000e+00 0.000000000000000000e+00 0.000000000000000000e+00 1.000000000000000000e+00 0.000000000000000000e+00
0.000000000000000000e+00 0.000000000000000000e+00 0.000000000000000000e+00 1.000000000000000000e+00 0.000000000000000000e+00
2.678559277076548312e-02 -3.060013653889391172e+00 -2.519155118109469793e+00 -2.143546064351983027e+00 0.000000000000000000e+00
-4.764191574453098266e-01 -5.497995152820464027e-01 -9.379276058844133734e-01 -1.254716594005208241e-01 -5.177434092284975087e+00
-2.619019286914695543e-01 4.573066971585739715e-01 -4.120930032914130736e-01 8.104413459225719499e-03 -8.359659798152568655e+00
1.968426735515385051e-01 -1.009137527924163003e+01 -9.286972781908234609e+00 -9.910965530690868164e+00 1.815266592349506376e-16
-8.093807385898028617e-01 -3.153532810504822148e+00 -3.153532810504822148e+00 -3.153532810504822148e+00 -2.457205008699461235e+00
2.986944692920781907e+00 -1.389781173517536939e-01 -1.389781173517536939e-01 -1.389781173517536939e-01 -5.199181100109251386e-01
-6.007395793173788690e+00 2.137010190195630877e+00 2.137010190195630432e+00 2.137010190195630432e+00 1.806665327039246982e+00
2.534022528368489180e+00 1.566171747571515782e+00 1.566171747571515560e+00 1.566171747571515338e+00 -1.023035728740395445e-01
2.564554880513204793e+00 -6.617027411462473863e-01 -6.617027411462473863e-01 -6.617027411462471642e-01 4.884703921676496474e-01
0.000000000000000000e+00 0.000000000000000000e+00 0.000000000000000000e+00 0.000000000000000000e+00 -2.628927043536037900e-01
0.000000000000000000e+00 0.000000000000000000e+00 0.000000000000000000e+00 0.000000000000000000e+00 -1.295982082909733268e+00
0.000000000000000000e+00 0.000000000000000000e+00 0.000000000000000000e+00 0.000000000000000000e+00 -1.000000000000000000e+00
0.000000000000000000e+00 0.000000000000000000e+00 0.000000000000000000e+00 0.000000000000000000e+00 1.000000000000000000e+00
