-3.499186916624235853e-34 0.000000000000000000e+00 0.000000000000000000e+00 0.000000000000000000e+00 0.000000000000000000e+00
-1.142921181539200002e-17 0.000000000000000000e+00 0.000000000000000000e+00 0.000000000000000000e+00 0.000000000000000000e+00
-1.686452730750538809e+00 0.000000000000000000e+00 0.000000000000000000e+00 0.000000000000000000e+00 0.000000000000000000e+00
-1.000000000000000000e+00 0.000000000000000000e+00 0.000000000000000000e+00 0.000000000000000000e+00 0.000000000000000000e+00
1.000000000000000000e+00 0.000000000000000000e+00 0.000000000000000000e+00 0.000000000000000000e+00 0.000000000000000000e+00
5.798932360853020079e-02 1.024225310416793633e+01 0.000000000000000000e+00 0.000000000000000000e+00 0.000000000000000000e+00
-1.819265321848166361e-01 1.096529455584851054e-66 0.000000000000000000e+00 0.000000000000000000e+00 0.000000000000000000e+00
2.206611634405022948e-02 1.853083525272108123e-01 0.000000000000000000e+00 0.000000000000000000e+00 0.000000000000000000e+00
-3.296775167743565826e-01 -2.819871953419142319e+00 0.000000000000000000e+00 0.000000000000000000e+00 0.000000000000000000e+00
-6.632964101802470147e-02 6.093682578489745261e-03 0.000000000000000000e+00 0.000000000000000000e+00 0.000000000000000000e+00
0.000000000000000000e+00 1.175545852854102513e+00 0.000000000000000000e+00 0.000000000000000000e+00 0.000000000000000000e+00
0.000000000000000000e+00 1.022200854198911379e-01 0.000000000000000000e+00 0.000000000000000000e+00 0.000000000000000000e+00
0.000000000000000000e+00 1.000000000000000000e+00 0.000000000000000000e+00 0.000000000000000000e+00 0.000000000000000000e+00
0.000000000000000000e+00 1.000000000000000000e+00 0.000000000000000000e+00 0.000000000000000000e+00 0.000000000000000000e+00
3.301923601521588036e-01 4.077409513373441818e+00 4.071170846653142661e+00 0.000000000000000000e+00 0.000000000000000000e+00
-4.462630374548892664e-01 -9.530182491058232230e+00 -8.795314186414003643e+00 0.000000000000000000e+00 0.000000000000000000e+00
-1.182338035661544422e-66 2.887401711919093932e-03 -1.154735201929540933e-02 0.000000000000000000e+00 0.000000000000000000e+00
1.447415228097494788e+00 -1.042636277594475080e+00 -1.042636277594475080e+00 0.000000000000000000e+00 0.000000000000000000e+00
1.197068667959997699e-16 1.954961493866546274e+00 1.954961493866546274e+00 0.000000000000000000e+00 0.000000000000000000e+00
2.644214671087008028e+00 -1.934081938884966378e+00 -1.934081938884967045e+00 0.000000000000000000e+00 0.000000000000000000e+00
-1.232312527237143573e+00 8.553594088366966997e-02 8.553594088366966997e-02 0.000000000000000000e+00 0.000000000000000000e+00
-2.063886769944113464e+00 3.732903030882660234e-02 3.732903030882660234e-02 0.000000000000000000e+00 0.000000000000000000e+00
0.000000000000000000e+00 0.000000000000000000e+00 7.794156410124437606e-01 0.000000000000000000e+00 0.000000000000000000e+00
0.000000000000000000e+00 0.000000000000000000e+00 -1.284884543779391652e+00 0.000000000000000000e+00 0.000000000000000000e+00
0.000000000000000000e+00 0.000000000000000000e+00 -1.000000000000000000e+00 0.000000000000000000e+00 0.000000000000000000e+00
0.000000000000000000e+00 0.000000000000000000e+00 1.000000000000000000e+00 0.000000000000000000e+00 0.000000000000000000e+00
-5.745345941709111282e-01 -1.018367328801215699e+01 -9.197833725691118900e+00 -9.816655338795632346e+00 0.000000000000000000e+00
-1.556434100780216059e-02 2.887401711919234445e-03 -1.154735201929529831e-02 1.478996774666781023e-16 0.000000000000000000e+00
-1.500828112913446866e+00 6.337742638614385360e-01 6.337742638614385360e-01 6.337742638614385360e-01 0.000000000000000000e+00
2.824530900907931277e-16 1.877928174500904213e+00 1.877928174500904213e+00 1.877928174500904213e+00 0.000000000000000000e+00
1.407501516025678967e+00 -6.337742638614385360e-01 -6.337742638614385360e-01 -6.337742638614385360e-01 0.000000000000000000e+00
-3.426301853238956419e+00 -2.136385543688783945e-02 -2.136385543688783945e-02 -2.136385543688783945e-02 0.000000000000000000e+00
6.051189402634422621e+00 -2.546046995955269843e+00 -2.546046995955269843e+00 -2.546046995955269843e+00 0.000000000000000000e+00
-2.734880845821491491e+00 9.084844174516001902e-02 9.084844174516001902e-02 9.084844174516001902e-02 0.000000000000000000e+00
0.000000000000000000e+00 0.000000000000000000e+00 0.000000000000000000e+00 -7.703331936564206117e-02 0.000000000000000000e+00
0.000000000000000000e+00 0.000000000000000000e+00 0.000000000000000000e+00 -8.076562326152227911e-01 0.000000000000000000e+00
0.000000000000000000e+00 0.000000000000000000e+00 0.000000000000000000e+00 -1.000000000000000000e+00 0.000000000000000000e+00
0.000000000000000000e+00 0.000000000000000000e+00 0.000000000000000000e+00 1.000000000000000000e+00 0.000000000000000000e+00
-3.706792700889559311e-02 2.692526608906810059e-01 2.574557654703413245e-01 -4.071877905064493208e-01 0.000000000000000000e+00
1.959453337271523932e+00 9.893235409153808391e+00 9.209726256762298391e+00 9.602375468567171168e+00 -1.725674787049551018e+00
-3.764249894405536367e-01 1.463712455326656503e+00 1.502760383764854435e+00 1.267123118457862185e+00 -2.098707773089237172e+00
-5.748677652090363743e-01 -1.205350835458061765e+00 -7.163258031217558663e-01 -1.320282769842738846e+00 -2.481472189106702657e-16
-8.685951770604737054e-02 1.765353386116576218e+00 1.765353386116576218e+00 1.765353386116576218e+00 -2.742308292251619539e-01
8.603990833064387722e-01 -3.345710586576212675e-01 -3.345710586576212120e-01 -3.345710586576212120e-01 -4.782435113011155314e-01
-3.732223231832585419e+00 -3.465090235869482616e+00 -3.465090235869482616e+00 -3.465090235869482616e+00 4.073658801643653682e+00
-6.444902892166973096e+00 6.334357694220156265e-01 6.334357694220156265e-01 6.334357694220156265e-01 6.817709426607328815e+00
2.397086159917686476e+00 -2.130148481757998535e-01 -2.130148481757998535e-01 -2.130148481757998535e-01 -1.676946265336644037e+00
0.000000000000000000e+00 0.000000000000000000e+00 0.000000000000000000e+00 0.000000000000000000e+00 1.992798719994355316e-01
0.000000000000000000e+00 0.000000000000000000e+00 0.000000000000000000e+00 0.000000000000000000e+00 -7.750288476385605030e-01
0.000000000000000000e+00 0.000000000000000000e+00 0.000000000000000000e+00 0.000000000000000000e+00 -1.000000000000000000e+00
0.000000000000000000e+00 0.000000000000000000e+00 0.000000000000000000e+00 0.000000000000000000e+00 1.000000000000000000e+00
