3.594594784343848187e-33 0.000000000000000000e+00 0.000000000000000000e+00 0.000000000000000000e+00 0.000000000000000000e+00
1.174083756017339926e-16 0.000000000000000000e+00 0.000000000000000000e+00 0.000000000000000000e+00 0.000000000000000000e+00
-7.323493838223136265e-01 0.000000000000000000e+00 0.000000000000000000e+00 0.000000000000000000e+00 0.000000000000000000e+00
-1.000000000000000000e+00 0.000000000000000000e+00 0.000000000000000000e+00 0.000000000000000000e+00 0.000000000000000000e+00
1.000000000000000000e+00 0.000000000000000000e+00 0.000000000000000000e+00 0.000000000000000000e+00 0.000000000000000000e+00
2.572353517263113454e-01 -1.517297936709561812e+00 0.000000000000000000e+00 0.000000000000000000e+00 0.000000000000000000e+00
-4.956237524314971443e-01 1.672931762782579962e-66 0.000000000000000000e+00 0.000000000000000000e+00 0.000000000000000000e+00
1.307269103281079037e+00 -7.860707315335301038e-02 0.000000000000000000e+00 0.000000000000000000e+00 0.000000000000000000e+00
-2.130069219079887333e+00 5.127763737397273980e-01 0.000000000000000000e+00 0.000000000000000000e+00 0.000000000000000000e+00
1.334569270987186806e+00 -9.481255179886312057e-01 0.000000000000000000e+00 0.000000000000000000e+00 0.000000000000000000e+00
0.000000000000000000e+00 -1.793711584157874128e+00 0.000000000000000000e+00 0.000000000000000000e+00 0.000000000000000000e+00
0.000000000000000000e+00 -1.721766668427632041e+00 0.000000000000000000e+00 0.000000000000000000e+00 0.000000000000000000e+00
0.000000000000000000e+00 -1.000000000000000000e+00 0.000000000000000000e+00 0.000000000000000000e+00 0.000000000000000000e+00
0.000000000000000000e+00 1.000000000000000000e+00 0.000000000000000000e+00 0.000000000000000000e+00 0.000000000000000000e+00
-2.370171822384279925e-01 -4.331273339202940775e+00 -2.583445914021994305e+00 0.000000000000000000e+00 0.000000000000000000e+00
-5.670001289237780462e-01 8.433447310928054108e+00 9.351907127628578564e+00 0.000000000000000000e+00 0.000000000000000000e+00
4.506131367435399338e-66 -1.007149773130467246e-01 -1.227375120310157941e-01 0.000000000000000000e+00 0.000000000000000000e+00
1.668818009297230676e+00 -1.613911438601982606e-01 -1.613911438601982606e-01 0.000000000000000000e+00 0.000000000000000000e+00
-4.691662196428320130e-18 -7.662065829420905416e-02 -7.662065829420905416e-02 0.000000000000000000e+00 0.000000000000000000e+00
4.749822097850779024e+00 -4.283310542076050331e-01 -4.283310542076049776e-01 0.000000000000000000e+00 0.000000000000000000e+00
-4.110686148440890975e+00 9.091667557853021497e-01 9.091667557853021497e-01 0.000000000000000000e+00 0.000000000000000000e+00
1.204372342999327117e+01 3.042117377977771042e-01 3.042117377977771042e-01 0.000000000000000000e+00 0.000000000000000000e+00
0.000000000000000000e+00 0.000000000000000000e+00 1.717090925863665074e+00 0.000000000000000000e+00 0.000000000000000000e+00
0.000000000000000000e+00 0.000000000000000000e+00 -1.845541609325854981e+00 0.000000000000000000e+00 0.000000000000000000e+00
0.000000000000000000e+00 0.000000000000000000e+00 -1.000000000000000000e+00 0.000000000000000000e+00 0.000000000000000000e+00
0.000000000000000000e+00 0.000000000000000000e+00 1.000000000000000000e+00 0.000000000000000000e+00 0.000000000000000000e+00
3.652422369103008881e-01 -9.140390242541414523e+00 -9.253904917215418635e+00 -7.786888532907867422e+00 0.000000000000000000e+00
5.931887760802346393e-02 -1.007149773130466830e-01 -1.227375120310156414e-01 1.088605532101392621e-16 0.000000000000000000e+00
-1.026179073821801513e+00 1.174587907055101299e-01 1.174587907055101299e-01 1.174587907055101299e-01 0.000000000000000000e+00
-3.093421928258520015e-17 -1.533399715032585542e+00 -1.533399715032585542e+00 -1.533399715032585542e+00 0.000000000000000000e+00
1.984891215832694567e+00 -1.174587907055101854e-01 -1.174587907055101854e-01 -1.174587907055101854e-01 0.000000000000000000e+00
-1.128040653031761309e+01 2.154729499208768717e-01 2.154729499208768717e-01 2.154729499208768717e-01 0.000000000000000000e+00
3.991183634266071589e+00 -4.821510419034760186e-01 -4.821510419034760186e-01 -4.821510419034760186e-01 0.000000000000000000e+00
-1.028205575724459031e+00 -9.341843389243422724e-01 -9.341843389243422724e-01 -9.341843389243422724e-01 0.000000000000000000e+00
0.000000000000000000e+00 0.000000000000000000e+00 0.000000000000000000e+00 -1.456779056738376710e+00 0.000000000000000000e+00
0.000000000000000000e+00 0.000000000000000000e+00 0.000000000000000000e+00 2.172487157712041927e-01 0.000000000000000000e+00
0.000000000000000000e+00 0.000000000000000000e+00 0.000000000000000000e+00 1.000000000000000000e+00 0.000000000000000000e+00
0.000000000000000000e+00 0.000000000000000000e+00 0.000000000000000000e+00 1.000000000000000000e+00 0.000000000000000000e+00
1.304967526746589335e-02 6.707801384662338551e-01 -9.366878628366221982e-01 -4.548576261176564550e-01 0.000000000000000000e+00
-3.721938305178104089e-01 -2.467734210158872496e-02 -2.025834302647129270e+00 -8.689624195842245991e-01 -2.010727144559794954e+00
-4.232803586021554598e-01 -9.060765259082849354e+00 -8.801869279099346244e+00 -7.389676961103773145e+00 7.216575687168416131e-01
2.684815138807111756e-02 -1.269922707651002902e+00 -3.025466082686407709e+00 -2.395177993602645827e+00 5.207675114426633476e-18
-3.867505367963962826e+00 -1.885545797132456292e+00 -1.885545797132456514e+00 -1.885545797132456070e+00 1.953316530626123981e+00
-7.920042500811323993e-01 2.093517841350513720e-01 2.093517841350512332e-01 2.093517841350512332e-01 -1.700041107789458938e-01
9.750670303695944341e+00 1.291263219092719083e+01 1.291263219092719083e+01 1.291263219092719083e+01 -1.054990633498102426e+01
1.320867453060410535e+00 -5.816833063975120899e-01 -5.816833063975117568e-01 -5.816833063975117568e-01 8.204496371535459076e-01
4.152045067806986900e+00 -1.528810945394174503e+00 -1.528810945394174947e+00 -1.528810945394174503e+00 -4.709399945287535694e+00
0.000000000000000000e+00 0.000000000000000000e+00 0.000000000000000000e+00 0.000000000000000000e+00 1.315591168776407471e+00
0.000000000000000000e+00 0.000000000000000000e+00 0.000000000000000000e+00 0.000000000000000000e+00 -1.985515358017139409e+00
0.000000000000000000e+00 0.000000000000000000e+00 0.000000000000000000e+00 0.000000000000000000e+00 -1.000000000000000000e+00
0.000000000000000000e+00 0.000000000000000000e+00 0.000000000000000000e+00 0.000000000000000000e+00 1.000000000000000000e+00
