-1.223799425361753597e-33 0.000000000000000000e+00 0.000000000000000000e+00 0.000000000000000000e+00 0.000000000000000000e+00
-3.997232267177144236e-17 0.000000000000000000e+00 0.000000000000000000e+00 0.000000000000000000e+00 0.000000000000000000e+00
-2.735157427039336397e-02 0.000000000000000000e+00 0.000000000000000000e+00 0.000000000000000000e+00 0.000000000000000000e+00
-1.000000000000000000e+00 0.000000000000000000e+00 0.000000000000000000e+00 0.000000000000000000e+00 0.000000000000000000e+00
1.000000000000000000e+00 0.000000000000000000e+00 0.000000000000000000e+00 0.000000000000000000e+00 0.000000000000000000e+00
6.637836970952140647e-02 7.516085140025541733e+00 0.000000000000000000e+00 0.000000000000000000e+00 0.000000000000000000e+00
-1.028377370064972318e-01 2.941515396395211590e-66 0.000000000000000000e+00 0.000000000000000000e+00 0.000000000000000000e+00
-1.396966475812839725e-01 -3.685039913070938715e-04 0.000000000000000000e+00 0.000000000000000000e+00 0.000000000000000000e+00
-3.231259290579487353e-01 -1.283967815141384737e-04 0.000000000000000000e+00 0.000000000000000000e+00 0.000000000000000000e+00
5.944281164214137991e-01 -2.100613254965633114e-01 0.000000000000000000e+00 0.000000000000000000e+00 0.000000000000000000e+00
0.000000000000000000e+00 8.903671254415690406e-01 0.000000000000000000e+00 0.000000000000000000e+00 0.000000000000000000e+00
0.000000000000000000e+00 1.672594493360226586e-01 0.000000000000000000e+00 0.000000000000000000e+00 0.000000000000000000e+00
0.000000000000000000e+00 1.000000000000000000e+00 0.000000000000000000e+00 0.000000000000000000e+00 0.000000000000000000e+00
0.000000000000000000e+00 1.000000000000000000e+00 0.000000000000000000e+00 0.000000000000000000e+00 0.000000000000000000e+00
2.225399841047663932e-02 6.892068521045564999e+00 7.165665044423800367e+00 0.000000000000000000e+00 0.000000000000000000e+00
-2.877453223668819185e-02 -7.593590659330949677e+00 -7.112091544202684190e+00 0.000000000000000000e+00 0.000000000000000000e+00
-1.445374444645495384e-65 6.827995495188363302e-03 -3.189422042640215060e-02 0.000000000000000000e+00 0.000000000000000000e+00
-1.081525934535681049e-01 -3.736262616352947590e-04 -3.736262616352947590e-04 0.000000000000000000e+00 0.000000000000000000e+00
1.197426459493275060e-16 1.955545811783396370e+00 1.955545811783396370e+00 0.000000000000000000e+00 0.000000000000000000e+00
-3.215013009075870509e-01 -3.577941315842646128e-05 -3.577941315842652226e-05 0.000000000000000000e+00 0.000000000000000000e+00
6.476435692554396439e-01 2.362534846400159705e-01 2.362534846400159705e-01 0.000000000000000000e+00 0.000000000000000000e+00
-3.513559347927782461e+00 2.252120279575659523e-01 2.252120279575659523e-01 0.000000000000000000e+00 0.000000000000000000e+00
0.000000000000000000e+00 0.000000000000000000e+00 1.065178686341827330e+00 0.000000000000000000e+00 0.000000000000000000e+00
0.000000000000000000e+00 0.000000000000000000e+00 -1.896434734616300410e+00 0.000000000000000000e+00 0.000000000000000000e+00
0.000000000000000000e+00 0.000000000000000000e+00 -1.000000000000000000e+00 0.000000000000000000e+00 0.000000000000000000e+00
0.000000000000000000e+00 0.000000000000000000e+00 1.000000000000000000e+00 0.000000000000000000e+00 0.000000000000000000e+00
-3.572018943199484903e-02 -1.009846121571622390e+01 -1.031617172890146605e+01 -1.010818448366260824e+01 0.000000000000000000e+00
-1.902696188559816759e-01 6.827995495188459579e-03 -3.189422042640208121e-02 8.540897963015807329e-17 0.000000000000000000e+00
-9.793906571908539416e-03 8.780862174845635972e-05 8.780862174845635972e-05 8.780862174845635972e-05 0.000000000000000000e+00
3.158726181677276798e-16 2.548964931173975046e+00 2.548964931173975046e+00 2.548964931173975046e+00 0.000000000000000000e+00
-3.166048779560211024e-01 -8.780862174843651882e-05 -8.780862174843651882e-05 -8.780862174843651882e-05 0.000000000000000000e+00
-3.584230005067834401e-01 -3.858125878610792897e-02 -3.858125878610792897e-02 -3.858125878610792897e-02 0.000000000000000000e+00
1.199637214593315404e-01 -7.272036054137616000e-04 -7.272036054137616000e-04 -7.272036054137616000e-04 0.000000000000000000e+00
-2.609626401243669402e+00 3.241105567731314974e-01 3.241105567731314974e-01 3.241105567731314974e-01 0.000000000000000000e+00
0.000000000000000000e+00 0.000000000000000000e+00 0.000000000000000000e+00 5.934191193905786754e-01 0.000000000000000000e+00
0.000000000000000000e+00 0.000000000000000000e+00 0.000000000000000000e+00 9.140829702987822714e-01 0.000000000000000000e+00
0.000000000000000000e+00 0.000000000000000000e+00 0.000000000000000000e+00 1.000000000000000000e+00 0.000000000000000000e+00
0.000000000000000000e+00 0.000000000000000000e+00 0.000000000000000000e+00 1.000000000000000000e+00 0.000000000000000000e+00
-2.701113893058245188e-03 -2.587565066197657915e-01 8.116694092418201834e-01 -1.829327362509489685e-01 0.000000000000000000e+00
2.302541764229293630e-01 9.191068364764012344e+00 9.301535094248043478e+00 9.175858976402791356e+00 2.491440042840530056e-01
-2.461954159411156307e-01 3.666856778490577451e+00 3.673709037414649270e+00 3.675723619105463857e+00 -8.023665455090492893e-01
-1.030056177596255784e-02 -3.404079968923305333e-01 4.948732714646950082e-03 -2.834474947013621571e-01 -2.770641069863152229e-17
-1.902756469711370246e-01 2.757191282543881350e+00 2.757191282543881350e+00 2.757191282543881350e+00 2.121210777872708508e-01
-1.282681306569850577e+00 -3.307476784472542213e-03 -3.307476784472542213e-03 -3.307476784472542213e-03 1.390997604578703362e+00
-1.572047369680844020e-01 -4.273214813663946954e-01 -4.273214813663946954e-01 -4.273214813663948064e-01 5.112995827537016869e-01
-1.084502846021959233e+00 1.461252098020892287e+00 1.461252098020892287e+00 1.461252098020892065e+00 9.525399243932235471e-01
2.250506147471921459e+00 -9.498771583415533959e-01 -9.498771583415533959e-01 -9.498771583415533959e-01 -2.365840825183345597e+00
0.000000000000000000e+00 0.000000000000000000e+00 0.000000000000000000e+00 0.000000000000000000e+00 1.069522268466599701e+00
0.000000000000000000e+00 0.000000000000000000e+00 0.000000000000000000e+00 0.000000000000000000e+00 9.958660445555551632e-01
0.000000000000000000e+00 0.000000000000000000e+00 0.000000000000000000e+00 0.000000000000000000e+00 1.000000000000000000e+00
0.000000000000000000e+00 0.000000000000000000e+00 0.000000000000000000e+00 0.000000000000000000e+00 1.000000000000000000e+00
