3.819801570013426207e-33 0.000000000000000000e+00 0.000000000000000000e+00 0.000000000000000000e+00 0.000000000000000000e+00
1.247641874432012657e-16 0.000000000000000000e+00 0.000000000000000000e+00 0.000000000000000000e+00 0.000000000000000000e+00
-1.409553995557910611e-01 0.000000000000000000e+00 0.000000000000000000e+00 0.000000000000000000e+00 0.000000000000000000e+00
-1.000000000000000000e+00 0.000000000000000000e+00 0.000000000000000000e+00 0.000000000000000000e+00 0.000000000000000000e+00
1.000000000000000000e+00 0.000000000000000000e+00 0.000000000000000000e+00 0.000000000000000000e+00 0.000000000000000000e+00
-6.887643485573492763e-02 -3.257352717985159796e+00 0.000000000000000000e+00 0.000000000000000000e+00 0.000000000000000000e+00
-1.035927833413483740e-01 3.976830500981457035e-66 0.000000000000000000e+00 0.000000000000000000e+00 0.000000000000000000e+00
9.333230976181701166e-01 -6.214356486132529937e-03 0.000000000000000000e+00 0.000000000000000000e+00 0.000000000000000000e+00
5.711500128418407485e-01 1.550101262754854936e-02 0.000000000000000000e+00 0.000000000000000000e+00 0.000000000000000000e+00
1.629126322329911503e+00 -9.611616874496841101e-01 0.000000000000000000e+00 0.000000000000000000e+00 0.000000000000000000e+00
0.000000000000000000e+00 -1.758564949588937942e+00 0.000000000000000000e+00 0.000000000000000000e+00 0.000000000000000000e+00
0.000000000000000000e+00 -3.007468959149424137e-01 0.000000000000000000e+00 0.000000000000000000e+00 0.000000000000000000e+00
0.000000000000000000e+00 -1.000000000000000000e+00 0.000000000000000000e+00 0.000000000000000000e+00 0.000000000000000000e+00
0.000000000000000000e+00 1.000000000000000000e+00 0.000000000000000000e+00 0.000000000000000000e+00 0.000000000000000000e+00
4.328161416219640789e-01 8.355463063222321907e+00 8.665018173354100739e+00 0.000000000000000000e+00 0.000000000000000000e+00
2.251803054801840287e-01 2.963936679285513520e+00 2.971569301217468428e+00 0.000000000000000000e+00 0.000000000000000000e+00
-1.418215771854350950e-65 8.162684376298107169e-03 -4.418845732817357208e-02 0.000000000000000000e+00 0.000000000000000000e+00
8.199888521347480363e-01 6.045061926213043772e-03 6.045061926213043772e-03 0.000000000000000000e+00 0.000000000000000000e+00
-9.771060126083636469e-17 -1.595735216535350887e+00 -1.595735216535350887e+00 0.000000000000000000e+00 0.000000000000000000e+00
-8.641198755300587564e-01 1.576652161573272037e-02 1.576652161573272037e-02 0.000000000000000000e+00 0.000000000000000000e+00
6.155678364943941716e-01 3.273219061346190339e-01 3.273219061346190339e-01 0.000000000000000000e+00 0.000000000000000000e+00
1.893924104549757459e+00 -9.647625354081246218e-01 -9.647625354081246218e-01 0.000000000000000000e+00 0.000000000000000000e+00
0.000000000000000000e+00 0.000000000000000000e+00 1.628297330535870557e-01 0.000000000000000000e+00 0.000000000000000000e+00
0.000000000000000000e+00 0.000000000000000000e+00 -7.907787794181855290e-01 0.000000000000000000e+00 0.000000000000000000e+00
0.000000000000000000e+00 0.000000000000000000e+00 -1.000000000000000000e+00 0.000000000000000000e+00 0.000000000000000000e+00
0.000000000000000000e+00 0.000000000000000000e+00 1.000000000000000000e+00 0.000000000000000000e+00 0.000000000000000000e+00
-1.243127004072566016e-01 -7.952439968557063477e-01 -3.816002408033077331e-01 -4.501670520415762544e-02 0.000000000000000000e+00
-1.866944412680915932e-01 8.162684376298700445e-03 -4.418845732817300309e-02 5.702975302726707272e-16 0.000000000000000000e+00
1.006316484674596001e+00 5.043232736923015588e-04 5.043232736923015588e-04 5.043232736923015588e-04 0.000000000000000000e+00
1.887336216150053747e-16 3.532534077144249274e-01 3.532534077144249274e-01 3.532534077144249274e-01 0.000000000000000000e+00
1.246041924633267683e-02 -5.043232736923031851e-04 -5.043232736923031851e-04 -5.043232736923031851e-04 0.000000000000000000e+00
2.840520088934969101e-01 1.018448437972448106e+00 1.018448437972448106e+00 1.018448437972448106e+00 0.000000000000000000e+00
-5.161367463071958595e-01 1.984280551658004765e-02 1.984280551658004765e-02 1.984280551658004765e-02 0.000000000000000000e+00
-2.729000540875638592e+00 -2.586811075810584865e-02 -2.586811075810584865e-02 -2.586811075810584865e-02 0.000000000000000000e+00
0.000000000000000000e+00 0.000000000000000000e+00 0.000000000000000000e+00 1.948988624249775814e+00 0.000000000000000000e+00
0.000000000000000000e+00 0.000000000000000000e+00 0.000000000000000000e+00 -5.579918956808316288e-01 0.000000000000000000e+00
0.000000000000000000e+00 0.000000000000000000e+00 0.000000000000000000e+00 -1.000000000000000000e+00 0.000000000000000000e+00
0.000000000000000000e+00 0.000000000000000000e+00 0.000000000000000000e+00 1.000000000000000000e+00 0.000000000000000000e+00
3.973316699720747880e-04 5.248771940917335010e-01 -8.487259394143168434e-01 -2.013567089925901055e+00 0.000000000000000000e+00
-4.012384353220539990e-01 1.637850955708821665e-01 -3.810447220711184885e-02 -3.870418459578859882e-01 -9.176735651671172889e+00
-9.996346377304120290e-02 -7.892591584924925074e-01 -3.889026885515759480e-01 -7.693944472935826395e-02 -1.049573577545833691e+00
-4.046075941895765915e-02 -9.215254588986978135e+00 -9.314970245309138974e+00 -9.159427098708356141e+00 -5.676591736465612441e-17
1.419884660472616300e+00 -1.793339629553995507e-01 -1.793339629553995507e-01 -1.793339629553995507e-01 -8.359302657725646568e-02
5.204611881052012556e-01 -4.005550013697237871e-02 -4.005550013697237871e-02 -4.005550013697237871e-02 -2.036733381400826381e+00
-6.427338910689323059e-01 -1.829797707177637678e+00 -1.829797707177637678e+00 -1.829797707177637678e+00 -2.735659921734423961e+00
2.895424666772702604e+00 1.799267506621616608e+00 1.799267506621616608e+00 1.799267506621616608e+00 -4.676366724775036232e-01
-1.972833657165193655e+00 1.478160698383960414e-01 1.478160698383960414e-01 1.478160698383960414e-01 9.590550838817131218e-01
0.000000000000000000e+00 0.000000000000000000e+00 0.000000000000000000e+00 0.000000000000000000e+00 -1.778431825858344251e+00
0.000000000000000000e+00 0.000000000000000000e+00 0.000000000000000000e+00 0.000000000000000000e+00 2.806840523780200769e-01
0.000000000000000000e+00 0.000000000000000000e+00 0.000000000000000000e+00 0.000000000000000000e+00 1.000000000000000000e+00
0.000000000000000000e+00 0.000000000000000000e+00 0.000000000000000000e+00 0.000000000000000000e+00 1.000000000000000000e+00
