2.306514187609664802e-33 0.000000000000000000e+00 0.000000000000000000e+00 0.000000000000000000e+00 0.000000000000000000e+00
7.533647053878869692e-17 0.000000000000000000e+00 0.000000000000000000e+00 0.000000000000000000e+00 0.000000000000000000e+00
-3.325319360620007103e-01 0.000000000000000000e+00 0.000000000000000000e+00 0.000000000000000000e+00 0.000000000000000000e+00
-1.000000000000000000e+00 0.000000000000000000e+00 0.000000000000000000e+00 0.000000000000000000e+00 0.000000000000000000e+00
1.000000000000000000e+00 0.000000000000000000e+00 0.000000000000000000e+00 0.000000000000000000e+00 0.000000000000000000e+00
-3.309368088148496867e-02 -7.371012637288752778e+00 0.000000000000000000e+00 0.000000000000000000e+00 0.000000000000000000e+00
-1.502273598560894818e-01 5.440315388463917404e-66 0.000000000000000000e+00 0.000000000000000000e+00 0.000000000000000000e+00
-1.005104387228743512e-01 -5.483218624976773231e-02 0.000000000000000000e+00 0.000000000000000000e+00 0.000000000000000000e+00
5.147459333061447095e-01 -1.418119767521200392e-02 0.000000000000000000e+00 0.000000000000000000e+00 0.000000000000000000e+00
-8.117457073197439366e-01 -4.061404270609708655e-01 0.000000000000000000e+00 0.000000000000000000e+00 0.000000000000000000e+00
0.000000000000000000e+00 -1.920324642853250552e-01 0.000000000000000000e+00 0.000000000000000000e+00 0.000000000000000000e+00
0.000000000000000000e+00 1.117840791095430220e+00 0.000000000000000000e+00 0.000000000000000000e+00 0.000000000000000000e+00
0.000000000000000000e+00 1.000000000000000000e+00 0.000000000000000000e+00 0.000000000000000000e+00 0.000000000000000000e+00
0.000000000000000000e+00 1.000000000000000000e+00 0.000000000000000000e+00 0.000000000000000000e+00 0.000000000000000000e+00
-3.228409632370154991e-02 -3.807173258977830876e+00 -3.137688514836527442e+00 0.000000000000000000e+00 0.000000000000000000e+00
1.901885832459717929e-01 8.067252147094690073e+00 9.322597469359825695e+00 0.000000000000000000e+00 0.000000000000000000e+00
9.396353841381171363e-66 -5.653023688755788589e-03 -7.726953380861227572e-02 0.000000000000000000e+00 0.000000000000000000e+00
-5.985182472106955753e-01 -3.770579134834928930e-02 -3.770579134834928930e-02 0.000000000000000000e+00 0.000000000000000000e+00
8.405164717032051192e-17 1.372667567968829605e+00 1.372667567968829605e+00 0.000000000000000000e+00 0.000000000000000000e+00
-1.041418426452430435e+00 -8.087319802257915413e-02 -8.087319802257915413e-02 0.000000000000000000e+00 0.000000000000000000e+00
-2.029046699271495058e+00 5.723669171008316514e-01 5.723669171008316514e-01 0.000000000000000000e+00 0.000000000000000000e+00
8.896680860489508902e+00 2.254528092092041580e-01 2.254528092092041580e-01 0.000000000000000000e+00 0.000000000000000000e+00
0.000000000000000000e+00 0.000000000000000000e+00 1.564700032254154660e+00 0.000000000000000000e+00 0.000000000000000000e+00
0.000000000000000000e+00 0.000000000000000000e+00 1.885706104351044576e+00 0.000000000000000000e+00 0.000000000000000000e+00
0.000000000000000000e+00 0.000000000000000000e+00 1.000000000000000000e+00 0.000000000000000000e+00 0.000000000000000000e+00
0.000000000000000000e+00 0.000000000000000000e+00 1.000000000000000000e+00 0.000000000000000000e+00 0.000000000000000000e+00
1.859602253200529076e-01 8.825544282714673727e+00 9.903406464153562183e+00 8.735640793333649512e+00 0.000000000000000000e+00
1.236939445455626091e-01 -5.653023688755777314e-03 -7.726953380861234510e-02 -2.556557069006157245e-17 0.000000000000000000e+00
1.264204401561137836e-01 6.799984694494873305e-03 6.799984694494873305e-03 6.799984694494873305e-03 0.000000000000000000e+00
-3.478480714462757169e-17 -4.889307259709467779e-01 -4.889307259709467779e-01 -4.889307259709467779e-01 0.000000000000000000e+00
4.887485260408426235e-01 -6.799984694494836009e-03 -6.799984694494836009e-03 -6.799984694494836009e-03 0.000000000000000000e+00
9.217787329260383800e+00 -3.790194580030058907e-02 -3.790194580030058907e-02 -3.790194580030058907e-02 0.000000000000000000e+00
-2.078143729165018438e+00 -1.097379687976721002e-01 -1.097379687976721002e-01 -1.097379687976721002e-01 0.000000000000000000e+00
7.914828536270716863e-02 6.140002438732277135e-01 6.140002438732277135e-01 6.140002438732277135e-01 0.000000000000000000e+00
0.000000000000000000e+00 0.000000000000000000e+00 0.000000000000000000e+00 -1.861598293939776383e+00 0.000000000000000000e+00
0.000000000000000000e+00 0.000000000000000000e+00 0.000000000000000000e+00 3.045236569552134398e-02 0.000000000000000000e+00
0.000000000000000000e+00 0.000000000000000000e+00 0.000000000000000000e+00 1.000000000000000000e+00 0.000000000000000000e+00
0.000000000000000000e+00 0.000000000000000000e+00 0.000000000000000000e+00 1.000000000000000000e+00 0.000000000000000000e+00
2.076767225390879767e-02 4.231651901708892161e-01 -2.780367742114635554e-01 6.810602365419229920e-02 0.000000000000000000e+00
-5.216157127644169833e-01 -8.351896653245558966e+00 -9.709493468010014894e+00 -8.392629496911013121e+00 -6.920197106895498163e-01
-3.234129061012803730e-01 -3.495713278578785665e+00 -3.128649594694961955e+00 -3.068007367901468108e+00 8.909201808038549886e-02
1.067411885870860333e-01 -2.791209724472099585e-01 6.741654693667593623e-01 2.073084509438991585e-01 1.960939839835466541e-16
2.695197503782849502e+00 -2.860637891754409523e+00 -2.860637891754409523e+00 -2.860637891754409523e+00 2.818139683595121792e+00
-4.663732028199335522e-01 1.959276889590357007e-02 1.959276889590364987e-02 1.959276889590369497e-02 -6.463643111846074651e-01
7.587353396386760984e+00 -5.868910119919563684e+00 -5.868910119919563684e+00 -5.868910119919563684e+00 7.278385632886331003e+00
1.901859836357201239e+00 6.701759124957080704e-01 6.701759124957081815e-01 6.701759124957082925e-01 1.777923952747891612e+00
6.333262629823395162e-01 8.530696498084293644e-01 8.530696498084290313e-01 8.530696498084289203e-01 1.132083966480110337e+00
0.000000000000000000e+00 0.000000000000000000e+00 0.000000000000000000e+00 0.000000000000000000e+00 -1.198203851749294557e+00
0.000000000000000000e+00 0.000000000000000000e+00 0.000000000000000000e+00 0.000000000000000000e+00 1.288202845699903065e+00
0.000000000000000000e+00 0.000000000000000000e+00 0.000000000000000000e+00 0.000000000000000000e+00 1.000000000000000000e+00
0.000000000000000000e+00 0.000000000000000000e+00 0.000000000000000000e+00 0.000000000000000000e+00 1.000000000000000000e+00
