-3.039485027884175086e-33 0.000000000000000000e+00 0.000000000000000000e+00 0.000000000000000000e+00 0.000000000000000000e+00
-9.927711500166019206e-17 0.000000000000000000e+00 0.000000000000000000e+00 0.000000000000000000e+00 0.000000000000000000e+00
1.230755963051167967e+00 0.000000000000000000e+00 0.000000000000000000e+00 0.000000000000000000e+00 0.000000000000000000e+00
1.000000000000000000e+00 0.000000000000000000e+00 0.000000000000000000e+00 0.000000000000000000e+00 0.000000000000000000e+00
1.000000000000000000e+00 0.000000000000000000e+00 0.000000000000000000e+00 0.000000000000000000e+00 0.000000000000000000e+00
-7.970599161335201188e-02 6.275629349771882026e+00 0.000000000000000000e+00 0.000000000000000000e+00 0.000000000000000000e+00
-3.142589113902691245e-01 6.104152540767720134e-66 0.000000000000000000e+00 0.000000000000000000e+00 0.000000000000000000e+00
-2.140360725557500121e+00 7.447216781178054301e-01 0.000000000000000000e+00 0.000000000000000000e+00 0.000000000000000000e+00
1.819236513869805227e-01 2.757844720534121663e-01 0.000000000000000000e+00 0.000000000000000000e+00 0.000000000000000000e+00
5.092027828266025846e-01 6.232236637743052698e-01 0.000000000000000000e+00 0.000000000000000000e+00 0.000000000000000000e+00
0.000000000000000000e+00 9.051149941648941599e-01 0.000000000000000000e+00 0.000000000000000000e+00 0.000000000000000000e+00
0.000000000000000000e+00 1.372710657102710119e+00 0.000000000000000000e+00 0.000000000000000000e+00 0.000000000000000000e+00
0.000000000000000000e+00 1.000000000000000000e+00 0.000000000000000000e+00 0.000000000000000000e+00 0.000000000000000000e+00
0.000000000000000000e+00 1.000000000000000000e+00 0.000000000000000000e+00 0.000000000000000000e+00 0.000000000000000000e+00
7.099948399711082381e-01 -8.566892920544725953e+00 -7.518059576760760976e+00 0.000000000000000000e+00 0.000000000000000000e+00
-4.774739728649766701e-01 6.466197914031506677e+00 6.651328195765960238e+00 0.000000000000000000e+00 0.000000000000000000e+00
3.007573077863910681e-65 1.516380796786196694e-01 7.128279308328286379e-02 0.000000000000000000e+00 0.000000000000000000e+00
2.575033995999084446e+00 -7.486386559116453565e-01 -7.486386559116453565e-01 0.000000000000000000e+00 0.000000000000000000e+00
-4.860038679717957574e-17 -7.937045494426153702e-01 -7.937045494426153702e-01 0.000000000000000000e+00 0.000000000000000000e+00
-1.733678937130581410e+00 2.294760073720153448e-01 2.294760073720154558e-01 0.000000000000000000e+00 0.000000000000000000e+00
-5.260569836136290256e+00 -5.280206895057990568e-01 -5.280206895057990568e-01 0.000000000000000000e+00 0.000000000000000000e+00
3.469720650404530371e+00 -6.151117224813059670e-01 -6.151117224813059670e-01 0.000000000000000000e+00 0.000000000000000000e+00
0.000000000000000000e+00 0.000000000000000000e+00 -1.698819543607509530e+00 0.000000000000000000e+00 0.000000000000000000e+00
0.000000000000000000e+00 0.000000000000000000e+00 1.127610712619355748e+00 0.000000000000000000e+00 0.000000000000000000e+00
0.000000000000000000e+00 0.000000000000000000e+00 1.000000000000000000e+00 0.000000000000000000e+00 0.000000000000000000e+00
0.000000000000000000e+00 0.000000000000000000e+00 1.000000000000000000e+00 0.000000000000000000e+00 0.000000000000000000e+00
-6.779364714569857675e-01 7.261756254405520750e+00 7.501234696025347759e+00 7.283473777762811352e+00 0.000000000000000000e+00
3.959180164881299646e-01 1.516380796786200025e-01 7.128279308328323849e-02 3.523394965749986274e-16 0.000000000000000000e+00
3.227952805363636379e-01 -7.179286040518568779e-01 -7.179286040518568779e-01 -7.179286040518568779e-01 0.000000000000000000e+00
-1.770547981429851525e-17 -2.356004071705505520e+00 -2.356004071705505520e+00 -2.356004071705505520e+00 0.000000000000000000e+00
-1.133454444229773372e+00 7.179286040518568779e-01 7.179286040518568779e-01 7.179286040518568779e-01 0.000000000000000000e+00
-1.161197542200506971e+00 -4.731997991390972103e-01 -4.731997991390972103e-01 -4.731997991390972103e-01 0.000000000000000000e+00
-3.658470319867426213e-01 -4.825066469975154426e-01 -4.825066469975154426e-01 -4.825066469975154426e-01 0.000000000000000000e+00
-2.066851642995013449e+00 -6.582174638938235178e-01 -6.582174638938235178e-01 -6.582174638938235178e-01 0.000000000000000000e+00
0.000000000000000000e+00 0.000000000000000000e+00 0.000000000000000000e+00 -1.562299522262890150e+00 0.000000000000000000e+00
0.000000000000000000e+00 0.000000000000000000e+00 0.000000000000000000e+00 -1.986873202756340273e+00 0.000000000000000000e+00
0.000000000000000000e+00 0.000000000000000000e+00 0.000000000000000000e+00 -1.000000000000000000e+00 0.000000000000000000e+00
0.000000000000000000e+00 0.000000000000000000e+00 0.000000000000000000e+00 1.000000000000000000e+00 0.000000000000000000e+00
1.411532423117048685e-01 -1.440161418949861716e+00 -2.469816791552337243e+00 -1.400488238651538042e+00 0.000000000000000000e+00
8.289289026163264573e-01 -9.554314373667423865e+00 -9.216144000987728901e+00 -8.307563633603370690e+00 -1.206681574083341202e+00
-1.472473136188965914e-01 3.430272946751812491e+00 3.680926519361699789e+00 3.148595913631990761e+00 -6.386097032430137155e+00
6.534453429052999862e-01 -7.626962057545645379e+00 -7.472814358210596808e+00 -7.094375298780876804e+00 7.415533106790537209e-17
3.467592081501251755e-01 -4.382201896115865414e-01 -4.382201896115865414e-01 -4.382201896115864859e-01 -2.083229910603523194e-01
-3.577684480766446518e-01 2.012551337165218612e+00 2.012551337165219056e+00 2.012551337165218612e+00 5.934207541574528788e-01
7.475590156375176987e-01 -1.214653450696490999e+00 -1.214653450696490999e+00 -1.214653450696490777e+00 -6.591094443697346206e-01
-1.188674217219308549e+00 6.595362089957302665e+00 6.595362089957301777e+00 6.595362089957301777e+00 4.996513285125727122e-01
-1.628649633375356842e+00 -3.343333852769970971e+00 -3.343333852769970971e+00 -3.343333852769970971e+00 3.083052661878603828e+00
0.000000000000000000e+00 0.000000000000000000e+00 0.000000000000000000e+00 0.000000000000000000e+00 1.620509471630934062e+00
0.000000000000000000e+00 0.000000000000000000e+00 0.000000000000000000e+00 0.000000000000000000e+00 1.802042481702012644e+00
0.000000000000000000e+00 0.000000000000000000e+00 0.000000000000000000e+00 0.000000000000000000e+00 1.000000000000000000e+00
0.000000000000000000e+00 0.000000000000000000e+00 0.000000000000000000e+00 0.000000000000000000e+00 1.000000000000000000e+00
