-4.734284421656572506e-34 0.000000000000000000e+00 0.000000000000000000e+00 0.000000000000000000e+00 0.000000000000000000e+00
-1.546334641123549703e-17 0.000000000000000000e+00 0.000000000000000000e+00 0.000000000000000000e+00 0.000000000000000000e+00
-1.680436087178920790e+00 0.000000000000000000e+00 0.000000000000000000e+00 0.000000000000000000e+00 0.000000000000000000e+00
-1.000000000000000000e+00 0.000000000000000000e+00 0.000000000000000000e+00 0.000000000000000000e+00 0.000000000000000000e+00
1.000000000000000000e+00 0.000000000000000000e+00 0.000000000000000000e+00 0.000000000000000000e+00 0.000000000000000000e+00
4.998121495059946184e-01 9.269193848456964702e+00 0.000000000000000000e+00 0.000000000000000000e+00 0.000000000000000000e+00
2.141785892692930626e-01 1.363725947776247170e-66 0.000000000000000000e+00 0.000000000000000000e+00 0.000000000000000000e+00
-1.903763364059043894e+00 -1.031661746596329143e+00 0.000000000000000000e+00 0.000000000000000000e+00 0.000000000000000000e+00
-3.612507217334052889e+00 -1.927929511972677812e+00 0.000000000000000000e+00 0.000000000000000000e+00 0.000000000000000000e+00
1.965992675379820920e+00 -5.029144488907344446e-02 0.000000000000000000e+00 0.000000000000000000e+00 0.000000000000000000e+00
0.000000000000000000e+00 -4.844266998615425202e-01 0.000000000000000000e+00 0.000000000000000000e+00 0.000000000000000000e+00
0.000000000000000000e+00 1.534171640596430297e+00 0.000000000000000000e+00 0.000000000000000000e+00 0.000000000000000000e+00
0.000000000000000000e+00 1.000000000000000000e+00 0.000000000000000000e+00 0.000000000000000000e+00 0.000000000000000000e+00
0.000000000000000000e+00 1.000000000000000000e+00 0.000000000000000000e+00 0.000000000000000000e+00 0.000000000000000000e+00
5.550685995826893926e-01 1.349463711997442417e+00 1.433954722453040675e+00 0.000000000000000000e+00 0.000000000000000000e+00
3.490609216562868267e-01 -1.020820117557114237e+01 -9.007189980133636809e+00 0.000000000000000000e+00 0.000000000000000000e+00
3.351351137315772465e-66 1.045365118069002631e-03 -1.690677297795496054e-02 0.000000000000000000e+00 0.000000000000000000e+00
-9.738664871380080523e-01 -3.574308156424769733e-01 -3.574308156424769733e-01 0.000000000000000000e+00 0.000000000000000000e+00
-3.665394663343082851e-17 -5.986043757098080675e-01 -5.986043757098080675e-01 0.000000000000000000e+00 0.000000000000000000e+00
-7.459617605298895171e+00 -2.731883761951189094e+00 -2.731883761951187761e+00 0.000000000000000000e+00 0.000000000000000000e+00
1.259713190460735710e+00 1.252353553922589402e-01 1.252353553922589402e-01 0.000000000000000000e+00 0.000000000000000000e+00
-5.099640698667787575e+00 1.611410939301872666e-02 1.611410939301872666e-02 0.000000000000000000e+00 0.000000000000000000e+00
0.000000000000000000e+00 0.000000000000000000e+00 -1.141776758482655474e-01 0.000000000000000000e+00 0.000000000000000000e+00
0.000000000000000000e+00 0.000000000000000000e+00 7.502769439709822130e-01 0.000000000000000000e+00 0.000000000000000000e+00
0.000000000000000000e+00 0.000000000000000000e+00 1.000000000000000000e+00 0.000000000000000000e+00 0.000000000000000000e+00
0.000000000000000000e+00 0.000000000000000000e+00 1.000000000000000000e+00 0.000000000000000000e+00 0.000000000000000000e+00
-2.748326026524101073e-01 -7.363382459386248691e+00 -6.789584999972413826e+00 -7.552836415314394536e+00 0.000000000000000000e+00
4.411730855709367072e-02 1.045365118069441299e-03 -1.690677297795461012e-02 4.204115394069089116e-16 0.000000000000000000e+00
4.355132225913449062e+00 1.410585702505528838e+00 1.410585702505528838e+00 1.410585702505528838e+00 0.000000000000000000e+00
3.898537444593368537e-16 9.193142436343628709e-01 9.193142436343628709e-01 9.193142436343628709e-01 0.000000000000000000e+00
-4.481400031635080161e+00 -1.410585702505528838e+00 -1.410585702505528838e+00 -1.410585702505528838e+00 0.000000000000000000e+00
-4.361345616238109457e+00 -8.731348870773833482e-02 -8.731348870773833482e-02 -8.731348870773833482e-02 0.000000000000000000e+00
-2.598786549864231521e-01 -1.233204940141616746e-01 -1.233204940141616746e-01 -1.233204940141616746e-01 0.000000000000000000e+00
-5.447480569870537082e+00 9.121355958101448613e-02 9.121355958101448613e-02 9.121355958101448613e-02 0.000000000000000000e+00
0.000000000000000000e+00 0.000000000000000000e+00 0.000000000000000000e+00 1.517918619344170938e+00 0.000000000000000000e+00
0.000000000000000000e+00 0.000000000000000000e+00 0.000000000000000000e+00 3.456577206901543242e-01 0.000000000000000000e+00
0.000000000000000000e+00 0.000000000000000000e+00 0.000000000000000000e+00 1.000000000000000000e+00 0.000000000000000000e+00
0.000000000000000000e+00 0.000000000000000000e+00 0.000000000000000000e+00 1.000000000000000000e+00 0.000000000000000000e+00
3.784773815107908002e-01 -1.898010755375725722e+00 -9.426330815251744433e-01 -1.386027276923752716e+00 0.000000000000000000e+00
1.114945239983090364e+00 5.706708221151312266e+00 5.896530390801328458e+00 5.974915645100510986e+00 5.372436476383223081e+00
-1.053018933493879983e+00 4.989405983595504246e+00 4.394183858233385642e+00 5.022154803095465248e+00 -3.782800889071666450e+00
2.584170390093709635e+00 -6.105380038738995374e+00 -4.784011676047608574e+00 -5.850005100382571932e+00 -2.736486368250937683e-16
4.698627607272509721e-02 3.240456371924619994e+00 3.240456371924619994e+00 3.240456371924619994e+00 3.251359310571378725e+00
-2.922764117100583814e+00 -5.100659206943194413e-01 -5.100659206943194413e-01 -5.100659206943194413e-01 2.940886845574532948e+00
6.558798829859947332e+00 -6.309315017337655540e-01 -6.309315017337655540e-01 -6.309315017337655540e-01 -5.105882606893508147e+00
-3.783178324388705605e+00 -9.582271393253934955e-01 -9.582271393253934955e-01 -9.582271393253934955e-01 -3.303284552908340999e+00
5.095045419284038424e+00 -6.596418933884518054e-01 -6.596418933884518054e-01 -6.596418933884518054e-01 -5.846654779471583296e+00
0.000000000000000000e+00 0.000000000000000000e+00 0.000000000000000000e+00 0.000000000000000000e+00 -2.065424656172818452e-01
0.000000000000000000e+00 0.000000000000000000e+00 0.000000000000000000e+00 0.000000000000000000e+00 -7.749658233069824931e-01
0.000000000000000000e+00 0.000000000000000000e+00 0.000000000000000000e+00 0.000000000000000000e+00 -1.000000000000000000e+00
0.000000000000000000e+00 0.000000000000000000e+00 0.000000000000000000e+00 0.000000000000000000e+00 1.000000000000000000e+00
