4.116790161532378682e-34 0.000000000000000000e+00 0.000000000000000000e+00 0.000000000000000000e+00 0.000000000000000000e+00
1.344645709897300006e-17 0.000000000000000000e+00 0.000000000000000000e+00 0.000000000000000000e+00 0.000000000000000000e+00
-6.822086757541474533e-01 0.000000000000000000e+00 0.000000000000000000e+00 0.000000000000000000e+00 0.000000000000000000e+00
-1.000000000000000000e+00 0.000000000000000000e+00 0.000000000000000000e+00 0.000000000000000000e+00 0.000000000000000000e+00
1.000000000000000000e+00 0.000000000000000000e+00 0.000000000000000000e+00 0.000000000000000000e+00 0.000000000000000000e+00
1.885572382447359141e-01 2.469003292078950640e-01 0.000000000000000000e+00 0.000000000000000000e+00 0.000000000000000000e+00
-1.906360219003271350e-01 -3.996298466857797021e-68 0.000000000000000000e+00 0.000000000000000000e+00 0.000000000000000000e+00
6.204152872776814293e-02 1.437954571442322076e-02 0.000000000000000000e+00 0.000000000000000000e+00 0.000000000000000000e+00
-1.546149898383456511e+00 4.645192692906648935e-01 0.000000000000000000e+00 0.000000000000000000e+00 0.000000000000000000e+00
1.567088090951001655e+00 -1.097461851159718532e-01 0.000000000000000000e+00 0.000000000000000000e+00 0.000000000000000000e+00
0.000000000000000000e+00 -1.528321026160135432e+00 0.000000000000000000e+00 0.000000000000000000e+00 0.000000000000000000e+00
0.000000000000000000e+00 -1.130381759947517217e+00 0.000000000000000000e+00 0.000000000000000000e+00 0.000000000000000000e+00
0.000000000000000000e+00 -1.000000000000000000e+00 0.000000000000000000e+00 0.000000000000000000e+00 0.000000000000000000e+00
0.000000000000000000e+00 1.000000000000000000e+00 0.000000000000000000e+00 0.000000000000000000e+00 0.000000000000000000e+00
9.180392165222907297e-02 -3.144141413246003935e+00 -3.892310551243906236e+00 0.000000000000000000e+00 0.000000000000000000e+00
-4.228221601755037806e-01 -8.839170433109323710e+00 -8.943907197192231706e+00 0.000000000000000000e+00 0.000000000000000000e+00
-2.307923389267826038e-65 1.351661453787090031e-02 1.404268872504131974e-02 0.000000000000000000e+00 0.000000000000000000e+00
-8.455037570331603858e-01 1.411549654407873167e-01 1.411549654407873167e-01 0.000000000000000000e+00 0.000000000000000000e+00
-1.428826166069505013e-16 -2.333450211218954795e+00 -2.333450211218954795e+00 0.000000000000000000e+00 0.000000000000000000e+00
2.179209430419988713e+00 -3.700085672086345645e-01 -3.700085672086345090e-01 0.000000000000000000e+00 0.000000000000000000e+00
8.383692925833033938e-01 -1.040199164817875443e-01 -1.040199164817875443e-01 0.000000000000000000e+00 0.000000000000000000e+00
-4.807885759815853532e+00 3.515112433483296578e-02 3.515112433483296578e-02 0.000000000000000000e+00 0.000000000000000000e+00
0.000000000000000000e+00 0.000000000000000000e+00 -8.051291850588193633e-01 0.000000000000000000e+00 0.000000000000000000e+00
0.000000000000000000e+00 0.000000000000000000e+00 -9.399921814540177500e-01 0.000000000000000000e+00 0.000000000000000000e+00
0.000000000000000000e+00 0.000000000000000000e+00 -1.000000000000000000e+00 0.000000000000000000e+00 0.000000000000000000e+00
0.000000000000000000e+00 0.000000000000000000e+00 1.000000000000000000e+00 0.000000000000000000e+00 0.000000000000000000e+00
-4.000241728279664843e-01 -1.350115455622537208e+00 4.728202237488926540e-01 -5.040421355044251150e-01 0.000000000000000000e+00
-3.038158763990730926e-01 1.351661453787141032e-02 1.404268872504186097e-02 6.257583100855936213e-16 0.000000000000000000e+00
-2.780142719319530498e-01 3.825048308880682479e-02 3.825048308880682479e-02 3.825048308880682479e-02 0.000000000000000000e+00
5.488479008487976869e-16 -2.688690635681870056e+00 -2.688690635681870056e+00 -2.688690635681870056e+00 0.000000000000000000e+00
3.878129265998532249e-01 -3.825048308880682479e-02 -3.825048308880682479e-02 -3.825048308880682479e-02 0.000000000000000000e+00
-3.662083942073130149e+00 1.094246509581719290e-01 1.094246509581719290e-01 1.094246509581719290e-01 0.000000000000000000e+00
-4.663575496554563493e+00 4.590782493824311361e-01 4.590782493824311361e-01 4.590782493824311361e-01 0.000000000000000000e+00
-1.165205707294244775e+01 -9.054851161846087793e-03 -9.054851161846087793e-03 -9.054851161846087793e-03 0.000000000000000000e+00
0.000000000000000000e+00 0.000000000000000000e+00 0.000000000000000000e+00 -3.552404244629152608e-01 0.000000000000000000e+00
0.000000000000000000e+00 0.000000000000000000e+00 0.000000000000000000e+00 -1.381346059577972518e+00 0.000000000000000000e+00
0.000000000000000000e+00 0.000000000000000000e+00 0.000000000000000000e+00 -1.000000000000000000e+00 0.000000000000000000e+00
0.000000000000000000e+00 0.000000000000000000e+00 0.000000000000000000e+00 1.000000000000000000e+00 0.000000000000000000e+00
-5.865554630916791634e-02 -8.390401863115035663e-01 -2.535997326752088554e+00 -2.353790622970270086e+00 0.000000000000000000e+00
-2.237923939415494168e+00 1.002558037813777725e+00 9.857386080981194940e-03 2.667902114234949607e-01 -9.458077513049396146e+00
-6.015933691711927711e-01 -1.148016030912278440e+00 3.993453095632056304e-01 -5.261749900070755714e-01 -5.225287072860373527e+00
-4.605596538927781980e-01 -9.474411911465510983e+00 -9.983713307340833509e+00 -1.137500064578945924e+01 2.243157212460748212e-16
6.897020845756682839e-01 1.680631954819417073e-01 1.680631954819417073e-01 1.680631954819416518e-01 -3.981362222758932923e+00
-7.364362865921048051e-01 1.870923018398147342e-01 1.870923018398147619e-01 1.870923018398147619e-01 -2.548638814235534955e+00
3.757775608632648812e+00 -1.004170718330754219e+00 -1.004170718330754219e+00 -1.004170718330754442e+00 -9.474998897955948962e+00
1.242143542072902385e+01 -2.728878161173205197e-02 -2.728878161173249606e-02 -2.728878161173249606e-02 2.412302696977195016e+00
1.837534830540748398e+00 4.352030632101631102e-01 4.352030632101629992e-01 4.352030632101631102e-01 1.132894475609140139e+00
0.000000000000000000e+00 0.000000000000000000e+00 0.000000000000000000e+00 0.000000000000000000e+00 -1.928116907142771730e-01
0.000000000000000000e+00 0.000000000000000000e+00 0.000000000000000000e+00 0.000000000000000000e+00 -3.314425549405939364e-01
0.000000000000000000e+00 0.000000000000000000e+00 0.000000000000000000e+00 0.000000000000000000e+00 -1.000000000000000000e+00
0.000000000000000000e+00 0.000000000000000000e+00 0.000000000000000000e+00 0.000000000000000000e+00 1.000000000000000000e+00
