1.476909989916036389e-33 0.000000000000000000e+00 0.000000000000000000e+00 0.000000000000000000e+00 0.000000000000000000e+00
4.823954109688822893e-17 0.000000000000000000e+00 0.000000000000000000e+00 0.000000000000000000e+00 0.000000000000000000e+00
-1.741094658611717083e+00 0.000000000000000000e+00 0.000000000000000000e+00 0.000000000000000000e+00 0.000000000000000000e+00
-1.000000000000000000e+00 0.000000000000000000e+00 0.000000000000000000e+00 0.000000000000000000e+00 0.000000000000000000e+00
1.000000000000000000e+00 0.000000000000000000e+00 0.000000000000000000e+00 0.000000000000000000e+00 0.000000000000000000e+00
-2.171777144862757636e-01 -5.535000447592023143e+00 0.000000000000000000e+00 0.000000000000000000e+00 0.000000000000000000e+00
-4.639693211514661630e-01 2.567670133069841280e-66 0.000000000000000000e+00 0.000000000000000000e+00 0.000000000000000000e+00
-2.212556918067247302e+00 -1.397581454538329160e+00 0.000000000000000000e+00 0.000000000000000000e+00 0.000000000000000000e+00
2.449947651637958135e+00 1.173249589659277614e+00 0.000000000000000000e+00 0.000000000000000000e+00 0.000000000000000000e+00
1.723022577571893255e-01 -3.280351535837097710e-01 0.000000000000000000e+00 0.000000000000000000e+00 0.000000000000000000e+00
0.000000000000000000e+00 -1.800639284180939104e+00 0.000000000000000000e+00 0.000000000000000000e+00 0.000000000000000000e+00
0.000000000000000000e+00 1.548354398892026751e+00 0.000000000000000000e+00 0.000000000000000000e+00 0.000000000000000000e+00
0.000000000000000000e+00 1.000000000000000000e+00 0.000000000000000000e+00 0.000000000000000000e+00 0.000000000000000000e+00
0.000000000000000000e+00 1.000000000000000000e+00 0.000000000000000000e+00 0.000000000000000000e+00 0.000000000000000000e+00
7.720704263450879623e-02 8.203102402657345138e+00 8.494169501275880663e+00 0.000000000000000000e+00 0.000000000000000000e+00
-3.810367881462207729e-01 4.805111006224438874e+00 5.072027740018482334e+00 0.000000000000000000e+00 0.000000000000000000e+00
-3.201598158952515231e-65 2.294314052537671251e-03 -3.150658919277408987e-02 0.000000000000000000e+00 0.000000000000000000e+00
1.077476524367526611e+00 1.446873817921904504e+00 1.446873817921904504e+00 0.000000000000000000e+00 0.000000000000000000e+00
-5.290051471406802203e-17 -8.639309677026778544e-01 -8.639309677026778544e-01 0.000000000000000000e+00 0.000000000000000000e+00
1.369832392745111704e-01 9.031472238577241685e-01 9.031472238577245015e-01 0.000000000000000000e+00 0.000000000000000000e+00
-3.148872018523098948e-01 2.333821421686969877e-01 2.333821421686969877e-01 0.000000000000000000e+00 0.000000000000000000e+00
8.408388080283561994e-01 -3.173239865272682869e-01 -3.173239865272682869e-01 0.000000000000000000e+00 0.000000000000000000e+00
0.000000000000000000e+00 0.000000000000000000e+00 9.367083164782612492e-01 0.000000000000000000e+00 0.000000000000000000e+00
0.000000000000000000e+00 0.000000000000000000e+00 -1.053870751692459695e+00 0.000000000000000000e+00 0.000000000000000000e+00
0.000000000000000000e+00 0.000000000000000000e+00 -1.000000000000000000e+00 0.000000000000000000e+00 0.000000000000000000e+00
0.000000000000000000e+00 0.000000000000000000e+00 1.000000000000000000e+00 0.000000000000000000e+00 0.000000000000000000e+00
-5.590273091060464772e-01 6.287957537274109221e+00 6.675553461189058346e+00 6.424175632589019358e+00 0.000000000000000000e+00
-4.214595489014043572e-01 2.294314052537258387e-03 -3.150658919277454090e-02 -4.479374606963056314e-16 0.000000000000000000e+00
1.757151523354045786e+00 1.510232714066783499e+00 1.510232714066783499e+00 1.510232714066783499e+00 0.000000000000000000e+00
-5.697658322231690342e-17 -1.410299057299993830e+00 -1.410299057299993830e+00 -1.410299057299993830e+00 0.000000000000000000e+00
-1.363245777383251811e+00 -1.510232714066783499e+00 -1.510232714066783499e+00 -1.510232714066783499e+00 0.000000000000000000e+00
1.562510533417966307e+00 -2.664473516255404517e-01 -2.664473516255404517e-01 -2.664473516255404517e-01 0.000000000000000000e+00
-6.612173330791812909e-01 -2.573691616403377402e-01 -2.573691616403377402e-01 -2.573691616403377402e-01 0.000000000000000000e+00
-4.798008391690878338e-01 2.901164344199470557e-01 2.901164344199470557e-01 2.901164344199470557e-01 0.000000000000000000e+00
0.000000000000000000e+00 0.000000000000000000e+00 0.000000000000000000e+00 -5.463680895973159757e-01 0.000000000000000000e+00
0.000000000000000000e+00 0.000000000000000000e+00 0.000000000000000000e+00 4.145044666082449147e-01 0.000000000000000000e+00
0.000000000000000000e+00 0.000000000000000000e+00 0.000000000000000000e+00 1.000000000000000000e+00 0.000000000000000000e+00
0.000000000000000000e+00 0.000000000000000000e+00 0.000000000000000000e+00 1.000000000000000000e+00 0.000000000000000000e+00
1.134578400107805196e-01 3.812603088219362668e+00 2.725933224557815837e+00 1.599500754229058908e+00 0.000000000000000000e+00
-1.843380872598223696e+00 -4.840117164790448179e+00 -5.774658737659414065e+00 -5.207549204425094835e+00 5.237812417465198322e+00
-1.581644205160651628e+00 7.090224804746235954e+00 7.386048449833459095e+00 6.316894987149736629e+00 5.148101421493468166e+00
1.133002830568503594e+00 6.978178109494844961e+00 7.314650102912862550e+00 7.358944960244235389e+00 9.039001822802330862e-17
-1.339380899727467877e+00 -1.061299189556565548e+00 -1.061299189556565548e+00 -1.061299189556565548e+00 3.910420019978328443e-01
-1.475527621413955881e+00 -3.617808706951555209e+00 -3.617808706951555209e+00 -3.617808706951555209e+00 5.610939086154461686e-01
-2.157147431586037278e-02 -7.409445645057465946e+00 -7.409445645057465946e+00 -7.409445645057465946e+00 -2.070495950173251831e+00
5.323491698121511462e+00 4.172567374646253491e+00 4.172567374646253491e+00 4.172567374646253491e+00 1.663654153123481860e+00
2.681364057729598738e+00 -7.074253223156367731e+00 -7.074253223156367731e+00 -7.074253223156367731e+00 -1.997579012138299470e+00
0.000000000000000000e+00 0.000000000000000000e+00 0.000000000000000000e+00 0.000000000000000000e+00 1.341509537717096023e+00
0.000000000000000000e+00 0.000000000000000000e+00 0.000000000000000000e+00 0.000000000000000000e+00 -1.789541473589226328e+00
0.000000000000000000e+00 0.000000000000000000e+00 0.000000000000000000e+00 0.000000000000000000e+00 -1.000000000000000000e+00
0.000000000000000000e+00 0.000000000000000000e+00 0.000000000000000000e+00 0.000000000000000000e+00 1.000000000000000000e+00
