-2.529175210284875338e-33 0.000000000000000000e+00 0.000000000000000000e+00 0.000000000000000000e+00 0.000000000000000000e+00
-8.260913145066093024e-17 0.000000000000000000e+00 0.000000000000000000e+00 0.000000000000000000e+00 0.000000000000000000e+00
-3.821089854561972032e-01 0.000000000000000000e+00 0.000000000000000000e+00 0.000000000000000000e+00 0.000000000000000000e+00
-1.000000000000000000e+00 0.000000000000000000e+00 0.000000000000000000e+00 0.000000000000000000e+00 0.000000000000000000e+00
1.000000000000000000e+00 0.000000000000000000e+00 0.000000000000000000e+00 0.000000000000000000e+00 0.000000000000000000e+00
-3.125140409088655521e-03 9.659063563370057892e+00 0.000000000000000000e+00 0.000000000000000000e+00 0.000000000000000000e+00
7.608083343935186094e-02 7.794677641621179926e-66 0.000000000000000000e+00 0.000000000000000000e+00 0.000000000000000000e+00
-3.419030794784988503e-02 2.752054677512331612e-02 0.000000000000000000e+00 0.000000000000000000e+00 0.000000000000000000e+00
3.000253645794795920e-01 -1.352353610914050486e-01 0.000000000000000000e+00 0.000000000000000000e+00 0.000000000000000000e+00
1.003154922733877075e-01 1.295571627436077622e-01 0.000000000000000000e+00 0.000000000000000000e+00 0.000000000000000000e+00
0.000000000000000000e+00 -5.009727404807655660e-01 0.000000000000000000e+00 0.000000000000000000e+00 0.000000000000000000e+00
0.000000000000000000e+00 -6.461249202076091436e-02 0.000000000000000000e+00 0.000000000000000000e+00 0.000000000000000000e+00
0.000000000000000000e+00 -1.000000000000000000e+00 0.000000000000000000e+00 0.000000000000000000e+00 0.000000000000000000e+00
0.000000000000000000e+00 1.000000000000000000e+00 0.000000000000000000e+00 0.000000000000000000e+00 0.000000000000000000e+00
-5.534331375498143663e-02 -2.628226969784591027e+00 -2.853182275797214729e+00 0.000000000000000000e+00 0.000000000000000000e+00
-1.152547263329329469e-01 -9.618902973849250415e+00 -9.477112813546977321e+00 0.000000000000000000e+00 0.000000000000000000e+00
-7.669004314780661620e-66 1.460893673661219257e-02 -8.800048392048670509e-02 0.000000000000000000e+00 0.000000000000000000e+00
-2.007199809283162217e-01 3.629415276916093946e-02 3.629415276916093946e-02 0.000000000000000000e+00 0.000000000000000000e+00
-9.409860773249682805e-17 -1.536746885681845587e+00 -1.536746885681845587e+00 0.000000000000000000e+00 0.000000000000000000e+00
8.801746117622529786e-01 -1.266848955787742703e-01 -1.266848955787742703e-01 0.000000000000000000e+00 0.000000000000000000e+00
1.311376932148536234e+00 6.518554364480495522e-01 6.518554364480495522e-01 0.000000000000000000e+00 0.000000000000000000e+00
-1.047680445780366565e+00 -1.735182978696554745e-01 -1.735182978696554745e-01 0.000000000000000000e+00 0.000000000000000000e+00
0.000000000000000000e+00 0.000000000000000000e+00 -1.035774145201080021e+00 0.000000000000000000e+00 0.000000000000000000e+00
0.000000000000000000e+00 0.000000000000000000e+00 -7.570289432604133673e-01 0.000000000000000000e+00 0.000000000000000000e+00
0.000000000000000000e+00 0.000000000000000000e+00 -1.000000000000000000e+00 0.000000000000000000e+00 0.000000000000000000e+00
0.000000000000000000e+00 0.000000000000000000e+00 1.000000000000000000e+00 0.000000000000000000e+00 0.000000000000000000e+00
1.132247912310126725e-01 7.405188031114149361e+00 7.220823463317966429e+00 7.381974483250554719e+00 0.000000000000000000e+00
-1.009550524007005456e-01 1.460893673661179358e-02 -8.800048392048710755e-02 -4.081779365631002098e-16 0.000000000000000000e+00
8.199053453100002553e-02 7.246966602147561498e-02 7.246966602147561498e-02 7.246966602147561498e-02 0.000000000000000000e+00
-4.722945862148809147e-17 -4.412293978215018342e-01 -4.412293978215018342e-01 -4.412293978215018342e-01 0.000000000000000000e+00
-7.565452837711633682e-01 -7.246966602147564274e-02 -7.246966602147564274e-02 -7.246966602147564274e-02 0.000000000000000000e+00
1.038115984557324012e+00 4.472639852199520316e-01 4.472639852199520316e-01 4.472639852199520316e-01 0.000000000000000000e+00
5.775446893893372291e-01 -1.762710684351889712e-02 -1.762710684351889712e-02 -1.762710684351889712e-02 0.000000000000000000e+00
3.300861954478493954e-01 -5.049544902737536090e-01 -5.049544902737536090e-01 -5.049544902737536090e-01 0.000000000000000000e+00
0.000000000000000000e+00 0.000000000000000000e+00 0.000000000000000000e+00 1.095517487860343753e+00 0.000000000000000000e+00
0.000000000000000000e+00 0.000000000000000000e+00 0.000000000000000000e+00 1.819624922067712980e+00 0.000000000000000000e+00
0.000000000000000000e+00 0.000000000000000000e+00 0.000000000000000000e+00 1.000000000000000000e+00 0.000000000000000000e+00
0.000000000000000000e+00 0.000000000000000000e+00 0.000000000000000000e+00 1.000000000000000000e+00 0.000000000000000000e+00
1.353305447156034555e-02 1.391578495781126357e+00 1.073558607677674637e+00 1.435674307099710667e+00 0.000000000000000000e+00
1.318307226764478535e-01 -5.931093494697685209e+00 -5.782708194270408164e+00 -5.904383154779914378e+00 -3.937903010412425076e+00
1.656196291876374793e-01 -4.849641483885325677e+00 -4.585802448933609554e+00 -4.844554522551966613e+00 5.280149960626697059e+00
9.736502021241086324e-02 6.519663397479317446e+00 6.485630854857342698e+00 6.505272337640578328e+00 3.576287364961646480e-17
1.191473432313649994e-02 -1.232480470734264699e+00 -1.232480470734264699e+00 -1.232480470734264699e+00 3.596988441468349507e-01
-1.195211017174278911e+00 2.729926357445445206e-01 2.729926357445445206e-01 2.729926357445444651e-01 -2.549120896489833754e+00
1.972819376145185100e+00 -8.999068324535967056e-01 -8.999068324535967056e-01 -8.999068324535967056e-01 7.787224003084992630e-01
-1.659606071371983793e+00 -4.453687276697037567e-01 -4.453687276697037567e-01 -4.453687276697039787e-01 -1.141888597555141965e-01
-7.144995101694755490e-01 2.505498691171189840e+00 2.505498691171189840e+00 2.505498691171189840e+00 3.718004533658983424e-01
0.000000000000000000e+00 0.000000000000000000e+00 0.000000000000000000e+00 0.000000000000000000e+00 -1.791319682546957726e+00
0.000000000000000000e+00 0.000000000000000000e+00 0.000000000000000000e+00 0.000000000000000000e+00 1.363536246255346640e+00
0.000000000000000000e+00 0.000000000000000000e+00 0.000000000000000000e+00 0.000000000000000000e+00 1.000000000000000000e+00
0.000000000000000000e+00 0.000000000000000000e+00 0.000000000000000000e+00 0.000000000000000000e+00 1.000000000000000000e+00
