2.825555352652821892e-33 0.000000000000000000e+00 0.000000000000000000e+00 0.000000000000000000e+00 0.000000000000000000e+00
9.228964153975103360e-17 0.000000000000000000e+00 0.000000000000000000e+00 0.000000000000000000e+00 0.000000000000000000e+00
5.520768685466457271e-01 0.000000000000000000e+00 0.000000000000000000e+00 0.000000000000000000e+00 0.000000000000000000e+00
1.000000000000000000e+00 0.000000000000000000e+00 0.000000000000000000e+00 0.000000000000000000e+00 0.000000000000000000e+00
1.000000000000000000e+00 0.000000000000000000e+00 0.000000000000000000e+00 0.000000000000000000e+00 0.000000000000000000e+00
-1.454664213286200602e-01 2.821312371750008374e+00 0.000000000000000000e+00 0.000000000000000000e+00 0.000000000000000000e+00
-5.807534335275592596e-01 -2.576115192234358664e-66 0.000000000000000000e+00 0.000000000000000000e+00 0.000000000000000000e+00
1.249558570422122816e+00 8.467580193985126125e-02 0.000000000000000000e+00 0.000000000000000000e+00 0.000000000000000000e+00
1.255614085009333580e+00 2.534093305270497254e-01 0.000000000000000000e+00 0.000000000000000000e+00 0.000000000000000000e+00
-8.919619692469303862e-01 -7.211436341462407196e-01 0.000000000000000000e+00 0.000000000000000000e+00 0.000000000000000000e+00
0.000000000000000000e+00 1.941323095982484759e+00 0.000000000000000000e+00 0.000000000000000000e+00 0.000000000000000000e+00
0.000000000000000000e+00 -1.823858856749514867e+00 0.000000000000000000e+00 0.000000000000000000e+00 0.000000000000000000e+00
0.000000000000000000e+00 -1.000000000000000000e+00 0.000000000000000000e+00 0.000000000000000000e+00 0.000000000000000000e+00
0.000000000000000000e+00 1.000000000000000000e+00 0.000000000000000000e+00 0.000000000000000000e+00 0.000000000000000000e+00
-1.063465847918543261e-01 -9.153224187616254781e+00 -8.562107107854766141e+00 0.000000000000000000e+00 0.000000000000000000e+00
6.631434252698534260e-03 3.062082045535312602e+00 2.925760267977660423e+00 0.000000000000000000e+00 0.000000000000000000e+00
-4.144291262068001705e-65 -5.806306841892689558e-02 -2.415099410687863990e-02 0.000000000000000000e+00 0.000000000000000000e+00
4.369901855207779517e-01 -7.028505404229767883e-02 -7.028505404229767883e-02 0.000000000000000000e+00 0.000000000000000000e+00
2.232163363291017211e-16 3.645399416133917381e+00 3.645399416133917381e+00 0.000000000000000000e+00 0.000000000000000000e+00
1.402394681523016828e+00 2.704372371695147326e-01 2.704372371695147326e-01 0.000000000000000000e+00 0.000000000000000000e+00
-2.607216358489764518e-01 1.788962526435454725e-01 1.788962526435454725e-01 0.000000000000000000e+00 0.000000000000000000e+00
3.816383493944986327e+00 7.320602948952864564e-01 7.320602948952864564e-01 0.000000000000000000e+00 0.000000000000000000e+00
0.000000000000000000e+00 0.000000000000000000e+00 1.704076320151432622e+00 0.000000000000000000e+00 0.000000000000000000e+00
0.000000000000000000e+00 0.000000000000000000e+00 7.471818862399919325e-01 0.000000000000000000e+00 0.000000000000000000e+00
0.000000000000000000e+00 0.000000000000000000e+00 1.000000000000000000e+00 0.000000000000000000e+00 0.000000000000000000e+00
0.000000000000000000e+00 0.000000000000000000e+00 1.000000000000000000e+00 0.000000000000000000e+00 0.000000000000000000e+00
1.050707194250527360e-01 8.296487460559152538e+00 7.837526625054614726e+00 8.146157244103717332e+00 0.000000000000000000e+00
-5.455560126879475114e-01 -5.806306841892720783e-02 -2.415099410687894521e-02 -2.943203946880174395e-16 0.000000000000000000e+00
8.236941170783593780e-01 1.241138268505321829e-01 1.241138268505321829e-01 1.241138268505321829e-01 0.000000000000000000e+00
-4.860092227152662618e-17 1.890244503747259497e+00 1.890244503747259497e+00 1.890244503747259497e+00 0.000000000000000000e+00
-7.009200417521921356e-02 -1.241138268505321413e-01 -1.241138268505321413e-01 -1.241138268505321413e-01 0.000000000000000000e+00
1.081643009365373942e+00 -3.452332917232842635e-01 -3.452332917232842635e-01 -3.452332917232842635e-01 0.000000000000000000e+00
-1.562130994138389184e+00 -1.768595105524711497e-01 -1.768595105524711497e-01 -1.768595105524711497e-01 0.000000000000000000e+00
2.683957798149601448e+00 6.698732110317466848e-01 6.698732110317466848e-01 6.698732110317466848e-01 0.000000000000000000e+00
0.000000000000000000e+00 0.000000000000000000e+00 0.000000000000000000e+00 -1.755154912386657884e+00 0.000000000000000000e+00
0.000000000000000000e+00 0.000000000000000000e+00 0.000000000000000000e+00 -4.035315597155251233e-01 0.000000000000000000e+00
0.000000000000000000e+00 0.000000000000000000e+00 0.000000000000000000e+00 -1.000000000000000000e+00 0.000000000000000000e+00
0.000000000000000000e+00 0.000000000000000000e+00 0.000000000000000000e+00 1.000000000000000000e+00 0.000000000000000000e+00
4.276267655808362045e-02 1.390868730000652365e+00 -2.681876874950386846e-02 1.143572830357904913e+00 0.000000000000000000e+00
-1.125098619317724369e+00 -4.783540701389544125e+00 -4.659430134842599713e+00 -4.722347157807375240e+00 -4.528617933516761340e+00
4.034512744648058868e-01 -6.760560454917978745e+00 -6.289309380106793412e+00 -6.638778101206685101e+00 2.695983519685997365e+00
3.841988742979934313e-01 5.883841021007281569e+00 5.917213373226324791e+00 5.684877044317587114e+00 -9.315734735604035774e-17
1.073014345042661466e+00 2.232890927994287955e-01 2.232890927994287400e-01 2.232890927994287400e-01 1.126801467546747926e+00
-1.014184971338833785e+00 -6.373663426448679392e-02 -6.373663426448679392e-02 -6.373663426448680780e-02 -9.487020811069212245e-01
7.883074756507182368e-01 -1.486282228974625808e+00 -1.486282228974625808e+00 -1.486282228974625808e+00 7.885115905736463093e-02
2.815819331903699929e+00 -4.631107579695351584e-01 -4.631107579695351584e-01 -4.631107579695351029e-01 2.687908332589838967e+00
-8.377192872493552933e-01 3.396968024854991608e-01 3.396968024854991608e-01 3.396968024854990498e-01 2.562759537261842802e-01
0.000000000000000000e+00 0.000000000000000000e+00 0.000000000000000000e+00 0.000000000000000000e+00 -1.244212208914643014e+00
0.000000000000000000e+00 0.000000000000000000e+00 0.000000000000000000e+00 0.000000000000000000e+00 -2.387276937865805415e-01
0.000000000000000000e+00 0.000000000000000000e+00 0.000000000000000000e+00 0.000000000000000000e+00 -1.000000000000000000e+00
0.000000000000000000e+00 0.000000000000000000e+00 0.000000000000000000e+00 0.000000000000000000e+00 1.000000000000000000e+00
