4.888283170965083793e-33 0.000000000000000000e+00 0.000000000000000000e+00 0.000000000000000000e+00 0.000000000000000000e+00
1.596634449824550294e-16 0.000000000000000000e+00 0.000000000000000000e+00 0.000000000000000000e+00 0.000000000000000000e+00
-1.247199914277650645e+00 0.000000000000000000e+00 0.000000000000000000e+00 0.000000000000000000e+00 0.000000000000000000e+00
-1.000000000000000000e+00 0.000000000000000000e+00 0.000000000000000000e+00 0.000000000000000000e+00 0.000000000000000000e+00
1.000000000000000000e+00 0.000000000000000000e+00 0.000000000000000000e+00 0.000000000000000000e+00 0.000000000000000000e+00
-6.427946660509105126e-01 9.783550468682019385e+00 0.000000000000000000e+00 0.000000000000000000e+00 0.000000000000000000e+00
1.321913813357771805e-01 -1.497166358589670593e-65 0.000000000000000000e+00 0.000000000000000000e+00 0.000000000000000000e+00
8.304379537946950940e-01 -3.351782136603867479e-01 0.000000000000000000e+00 0.000000000000000000e+00 0.000000000000000000e+00
3.773025796663824316e+00 -1.403647475485122698e+00 0.000000000000000000e+00 0.000000000000000000e+00 0.000000000000000000e+00
1.893636594299439313e+00 2.880484130886886152e-01 0.000000000000000000e+00 0.000000000000000000e+00 0.000000000000000000e+00
0.000000000000000000e+00 -4.133951946436704716e-01 0.000000000000000000e+00 0.000000000000000000e+00 0.000000000000000000e+00
0.000000000000000000e+00 -1.426627951375122993e+00 0.000000000000000000e+00 0.000000000000000000e+00 0.000000000000000000e+00
0.000000000000000000e+00 -1.000000000000000000e+00 0.000000000000000000e+00 0.000000000000000000e+00 0.000000000000000000e+00
0.000000000000000000e+00 1.000000000000000000e+00 0.000000000000000000e+00 0.000000000000000000e+00 0.000000000000000000e+00
7.621177497346410812e-01 -1.060834888798462750e+01 -9.631544581743238354e+00 0.000000000000000000e+00 0.000000000000000000e+00
1.224038116942550936e+00 -2.111184644154477930e+00 -1.934339571955071557e+00 0.000000000000000000e+00 0.000000000000000000e+00
5.604532990031287914e-65 -1.693570016941156886e-01 2.773052359606807335e-02 0.000000000000000000e+00 0.000000000000000000e+00
4.268345243338682593e-01 2.420156567237873591e-01 2.420156567237873591e-01 0.000000000000000000e+00 0.000000000000000000e+00
-7.408941541817478989e-17 -1.209971976732535204e+00 -1.209971976732535204e+00 0.000000000000000000e+00 0.000000000000000000e+00
-5.564397378854016196e+00 1.478281997011478444e+00 1.478281997011478222e+00 0.000000000000000000e+00 0.000000000000000000e+00
-4.485862109662996922e+00 -2.054112858968005495e-01 -2.054112858968005495e-01 0.000000000000000000e+00 0.000000000000000000e+00
-1.940980000970275565e+00 1.287467587996106166e+00 1.287467587996106166e+00 0.000000000000000000e+00 0.000000000000000000e+00
0.000000000000000000e+00 0.000000000000000000e+00 -7.965767820888647321e-01 0.000000000000000000e+00 0.000000000000000000e+00
0.000000000000000000e+00 0.000000000000000000e+00 -7.495256802444547617e-01 0.000000000000000000e+00 0.000000000000000000e+00
0.000000000000000000e+00 0.000000000000000000e+00 -1.000000000000000000e+00 0.000000000000000000e+00 0.000000000000000000e+00
0.000000000000000000e+00 0.000000000000000000e+00 1.000000000000000000e+00 0.000000000000000000e+00 0.000000000000000000e+00
-7.465143780575219656e-01 2.292038535073744221e+00 2.029746825407315658e+00 2.258081167544017553e+00 0.000000000000000000e+00
7.377827661402820425e-01 -1.693570016941162715e-01 2.773052359606748007e-02 -5.867392296588410141e-16 0.000000000000000000e+00
8.938502062705893092e-01 1.918115923533738332e-01 1.918115923533738332e-01 1.918115923533738332e-01 0.000000000000000000e+00
-1.870615380554400654e-16 -1.669104984902969768e+00 -1.669104984902969768e+00 -1.669104984902969768e+00 0.000000000000000000e+00
4.099007617115206781e-01 -1.918115923533738332e-01 -1.918115923533738332e-01 -1.918115923533738332e-01 0.000000000000000000e+00
1.855715751834021487e+00 -1.293644105722511872e+00 -1.293644105722511872e+00 -1.293644105722511872e+00 0.000000000000000000e+00
-3.384727363927845900e+00 1.507460522614600062e+00 1.507460522614600062e+00 1.507460522614600062e+00 0.000000000000000000e+00
1.385841766857278667e+00 1.620231904502933418e-01 1.620231904502933418e-01 1.620231904502933418e-01 0.000000000000000000e+00
0.000000000000000000e+00 0.000000000000000000e+00 0.000000000000000000e+00 -4.591330081704345645e-01 0.000000000000000000e+00
0.000000000000000000e+00 0.000000000000000000e+00 0.000000000000000000e+00 9.089847621145885626e-01 0.000000000000000000e+00
0.000000000000000000e+00 0.000000000000000000e+00 0.000000000000000000e+00 1.000000000000000000e+00 0.000000000000000000e+00
0.000000000000000000e+00 0.000000000000000000e+00 0.000000000000000000e+00 1.000000000000000000e+00 0.000000000000000000e+00
-7.679892953052166495e-03 3.929252371449615810e-01 7.764395964134038763e-01 2.018708086660498502e+00 0.000000000000000000e+00
-3.411584259218850002e-01 -1.079373295933268029e+00 -1.126069518768912481e+00 -1.339787976027776439e+00 7.491057195585403505e+00
-2.924480456346628676e-01 2.103010646798046945e+00 1.357501334736248788e+00 1.638770223777342938e+00 5.465509347639907034e+00
-4.696216019131138619e-01 9.629535677162952112e+00 9.123166146004841437e+00 8.938078878316384035e+00 2.693726375756370267e-17
-1.113207538349226144e+00 1.255235095278549817e+00 1.255235095278549817e+00 1.255235095278549817e+00 -3.554805045984661960e-01
1.373531157962923910e+00 -1.162959494353353218e+00 -1.162959494353353218e+00 -1.162959494353353218e+00 1.544574778026519990e+00
-3.577118841645128722e+00 -3.055598285919836510e+00 -3.055598285919836510e+00 -3.055598285919836510e+00 3.055579269504978157e+00
1.605977784937301589e+00 -3.908672837643296094e-01 -3.908672837643296094e-01 -3.908672837643294984e-01 1.714465152525271874e+00
-2.819383774367872686e+00 5.178446187958432034e-01 5.178446187958432034e-01 5.178446187958432034e-01 2.334655779028432798e-01
0.000000000000000000e+00 0.000000000000000000e+00 0.000000000000000000e+00 0.000000000000000000e+00 -1.856097330410455548e-01
0.000000000000000000e+00 0.000000000000000000e+00 0.000000000000000000e+00 0.000000000000000000e+00 -7.847460416987281917e-01
0.000000000000000000e+00 0.000000000000000000e+00 0.000000000000000000e+00 0.000000000000000000e+00 -1.000000000000000000e+00
0.000000000000000000e+00 0.000000000000000000e+00 0.000000000000000000e+00 0.000000000000000000e+00 1.000000000000000000e+00
