3.658200000000000340e-02
-0.000000000000000000e+00
-1.340000000000000045e-02
-0.000000000000000000e+00
-1.739500000000000074e-02
-1.567800000000000096e-02
3.135600000000000193e-02
1.675000000000000100e-02
-3.621000000000000087e-03
-2.435299999999999965e-02
-6.140550000000000175e+00
-7.055099999999999705e-01
8.777000000000000357e-01
-1.701870000000000049e-01
-3.513789999999999969e-01
-8.831940000000000346e-01
3.783624000000000098e+00
-1.159100000000000019e+00
8.581769999999999676e-01
1.913449999999999873e-01
2.529383999999999855e+00
4.300997999999999877e+00
-4.257850000000000357e+00
1.231140000000000012e-01
3.026730000000000254e-01
2.879525999999999808e+00
4.233060000000000045e+00
-4.164049999999999585e+00
3.983099999999999835e-02
4.348750000000000115e-01
3.166955999999999882e+00
3.956081999999999876e+00
-3.882649999999999935e+00
1.375979999999999981e-01
5.914300000000000113e-02
3.679104000000000152e+00
3.867239999999999789e+00
-3.718500000000000139e+00
2.715750000000000108e-01
2.191770000000000107e-01
4.682496000000000436e+00
2.811587999999999976e+00
-3.269600000000000062e+00
3.874469999999999859e-01
2.574460000000000082e-01
5.821763999999999939e+00
1.829099999999999893e-01
-2.056900000000000173e+00
4.815929999999999933e-01
2.504879999999999884e-01
6.924450000000000216e+00
7.839000000000000135e-02
-1.336649999999999894e+00
6.047069999999999945e-01
2.539669999999999983e-01
7.786739999999999995e+00
1.933620000000000061e-01
-9.145499999999999741e-01
7.459259999999999780e-01
2.539669999999999983e-01
5.529107999999999912e+00
1.411020000000000052e-01
-2.244500000000000106e-01
8.292089999999999739e-01
2.504879999999999884e-01
4.180799999999999628e+00
3.187860000000000138e-01
-1.205999999999999989e-01
8.799029999999999907e-01
2.574460000000000082e-01
3.506645999999999930e+00
-0.000000000000000000e+00
-2.177499999999999991e-01
9.414599999999999635e-01
2.470090000000000063e-01
2.727971999999999841e+00
1.306499999999999884e-01
3.249500000000000166e-01
9.957749999999999657e-01
2.504879999999999884e-01
1.776839999999999975e+00
1.411020000000000052e-01
3.852499999999999813e-01
1.028364000000000056e+00
2.470090000000000063e-01
1.379664000000000001e+00
2.142660000000000120e-01
4.087000000000000077e-01
9.993959999999999511e-01
2.539669999999999983e-01
9.929400000000000448e-01
2.403959999999999986e-01
3.048500000000000099e-01
9.776700000000000390e-01
2.435299999999999965e-01
7.891259999999999941e-01
1.238561999999999941e+00
-3.048500000000000099e-01
1.966202999999999923e+00
4.140010000000000079e-01
-0.000000000000000000e+00
1.332629999999999981e+00
-2.144000000000000072e-01
2.067591000000000179e+00
4.522700000000000053e-01
-1.740258000000000083e+00
1.311725999999999948e+00
-1.976499999999999924e-01
2.295713999999999810e+00
5.218500000000000361e-01
-2.189693999999999807e+00
1.191527999999999921e+00
-4.087000000000000077e-01
2.252261999999999986e+00
5.496820000000000039e-01
-2.680937999999999821e+00
5.905380000000000074e-01
-5.426999999999999602e-01
1.593239999999999990e+00
5.670770000000000532e-01
-3.898595999999999950e+00
1.050426000000000082e+00
-8.207499999999999796e-01
1.242002999999999968e+00
5.462029999999999941e-01
-3.950855999999999923e+00
1.144493999999999900e+00
-8.576000000000000290e-01
7.024740000000000428e-01
6.749260000000000259e-01
-4.348031999999999897e+00
5.644080000000000208e-01
-5.963000000000000522e-01
6.916109999999999758e-01
7.619010000000000504e-01
-3.031080000000000219e+00
2.989272000000000151e+00
-3.215999999999999970e-01
9.414599999999999635e-01
5.392449999999999743e-01
-2.205372000000000110e+00
6.218939999999999468e-01
-1.209349999999999925e+00
1.053711000000000064e+00
5.009759999999999769e-01
-1.850003999999999982e+00
-1.332629999999999981e+00
2.606300000000000061e+00
1.278213000000000044e+00
6.018670000000000408e-01
-1.311725999999999948e+00
-1.954523999999999928e+00
1.919550000000000090e+00
1.216655999999999960e+00
6.296990000000000087e-01
-9.093240000000000212e-01
-1.959750000000000103e+00
2.066949999999999843e+00
1.205792999999999893e+00
4.000850000000000239e-01
-2.874300000000000188e-01
-1.912716000000000083e+00
2.224400000000000155e+00
1.267349999999999977e+00
3.931270000000000042e-01
1.881359999999999977e-01
-1.881359999999999921e+00
2.204299999999999926e+00
1.339769999999999905e+00
3.792110000000000203e-01
-2.613000000000000045e-02
-1.891812000000000049e+00
2.046850000000000058e+00
1.339769999999999905e+00
6.262199999999999711e-02
-1.149720000000000047e-01
-1.870908000000000015e+00
1.993249999999999966e+00
1.292696999999999985e+00
1.043700000000000044e-01
-1.045200000000000018e-01
-1.902263999999999955e+00
2.009999999999999787e+00
1.292696999999999985e+00
1.391600000000000059e-01
2.022461999999999982e+00
-4.452551999999999843e+00
3.882649999999999935e+00
1.904646000000000061e+00
-4.174800000000000039e-02
2.764553999999999956e+00
-4.938570000000000348e+00
3.497399999999999842e+00
1.951718999999999982e+00
-4.522700000000000053e-01
3.240120000000000111e+00
-4.196477999999999930e+00
2.814000000000000057e+00
1.223897999999999930e+00
-3.652949999999999808e-01
3.976986000000000132e+00
-3.710459999999999869e+00
2.231100000000000083e+00
5.322869999999999546e-01
-5.949090000000000211e-01
4.614557999999999716e+00
-5.497752000000000194e+00
1.333299999999999930e+00
-1.231140000000000012e-01
-4.592280000000000251e-01
5.586593999999999838e+00
-5.931510000000000282e+00
1.072000000000000064e+00
-2.426069999999999893e-01
-5.357659999999999645e-01
6.835607999999999684e+00
-6.856512000000000384e+00
1.882700000000000040e+00
-6.083279999999999799e-01
-5.253290000000000459e-01
7.274592000000000169e+00
-8.016683999999999699e+00
2.710150000000000059e+00
-1.270971000000000073e+00
-3.131099999999999994e-01
3.621617999999999782e+00
-8.716967999999999606e+00
1.120575000000000010e+01
-1.600481999999999960e+00
-4.070429999999999882e-01
2.074721999999999955e+00
-3.966533999999999782e+00
3.852499999999999813e-01
-1.050090000000000051e-01
-2.156980000000000008e-01
1.411019999999999941e+00
-6.616115999999999886e+00
6.465499999999999581e-01
-4.453829999999999734e-01
-1.322019999999999862e-01
1.411019999999999941e+00
-8.110751999999999740e+00
1.889399999999999968e+00
-1.553409000000000040e+00
-1.356809999999999961e-01
1.029522000000000048e+00
-7.593378000000000405e+00
1.028450000000000086e+00
-6.336749999999999883e-01
-1.565549999999999997e-01
7.682219999999999605e-01
-7.666541999999999746e+00
-3.309800000000000075e+00
-1.039226999999999901e+00
1.948239999999999972e-01
4.337579999999999769e-01
-7.494083999999999968e+00
-3.963049999999999962e+00
-8.617979999999999530e-01
-1.078490000000000004e-01
-4.860180000000000056e-01
-7.499310000000000365e+00
-4.535899999999999821e+00
-8.509349999999999969e-01
-1.704710000000000114e-01
8.831940000000000346e-01
-7.520214000000000176e+00
-4.850799999999999557e+00
-8.436930000000000263e-01
-1.287230000000000041e-01
1.081782000000000021e+00
-7.530666000000000082e+00
-5.014949999999999797e+00
-8.545559999999999823e-01
-1.287230000000000041e-01
-1.813422000000000089e+00
-1.312771200000000071e+01
-1.386900000000000022e+00
7.604099999999999748e-02
1.495970000000000077e-01
-2.628677999999999848e+00
-1.275144000000000055e+01
5.326499999999999568e-01
2.136389999999999956e-01
2.922359999999999958e-01
-3.036306000000000171e+00
-1.179508200000000073e+01
2.093750000000000000e+00
3.005430000000000046e-01
4.835809999999999831e-01
-3.574584000000000206e+00
-1.284550800000000059e+01
1.370149999999999979e+00
9.233550000000000368e-01
4.801019999999999732e-01
-3.715685999999999822e+00
-1.056174599999999941e+01
2.612999999999999767e-01
-4.345200000000000173e-01
3.652949999999999808e-01
-3.971760000000000179e+00
-8.607222000000000151e+00
-5.973049999999999748e+00
-9.487020000000000453e-01
2.122189999999999910e-01
-4.154670000000000307e+00
-6.825155999999999779e+00
-4.519149999999999778e+00
-7.893780000000000241e-01
3.235469999999999735e-01
-5.037863999999999898e+00
-6.328686000000000256e+00
-5.195850000000000080e+00
-8.545559999999999823e-01
8.001700000000000479e-02
-6.621342000000000283e+00
-5.832215999999999845e+00
-5.567700000000000315e+00
-8.980080000000000284e-01
2.748410000000000020e-01
-4.996056000000000274e+00
-5.513429999999999609e+00
-5.611250000000000071e+00
-9.233550000000000368e-01
-1.461179999999999979e-01
-3.684330000000000105e+00
-6.464561999999999919e+00
-5.671549999999999869e+00
-9.124919999999999698e-01
2.783199999999999910e-02
-2.973593999999999848e+00
-6.501144000000000034e+00
-5.788800000000000168e+00
-9.450809999999999489e-01
1.843869999999999953e-01
-2.503254000000000090e+00
-7.258913999999999866e+00
-5.785449999999999982e+00
-1.010259000000000018e+00
2.365720000000000045e-01
-1.975427999999999962e+00
-7.974876000000000076e+00
-5.822300000000000253e+00
-1.013879999999999892e+00
2.817990000000000217e-01
-1.525992000000000015e+00
-5.581368000000000329e+00
-5.738550000000000040e+00
-1.024742999999999959e+00
2.261350000000000027e-01
-1.060877999999999988e+00
-4.577975999999999601e+00
-5.601200000000000401e+00
-1.013879999999999892e+00
2.052609999999999990e-01
-4.233060000000000156e-01
-3.950855999999999923e+00
-5.520800000000000374e+00
-9.993959999999999511e-01
2.122189999999999910e-01
4.076279999999999903e-01
-3.423029999999999795e+00
-5.507399999999999629e+00
-1.017500999999999989e+00
2.296140000000000125e-01
1.797744000000000009e+00
-8.821488000000000440e+00
-6.646399999999999864e+00
-1.998791999999999902e+00
-2.783199999999999910e-02
2.555514000000000063e+00
-7.692671999999999954e+00
-6.696649999999999991e+00
-2.226914999999999978e+00
-2.678829999999999822e-01
2.764553999999999956e+00
-7.143942000000000014e+00
-6.365000000000000213e+00
-2.230535999999999852e+00
-2.783200000000000118e-01
3.036306000000000171e+00
-5.273033999999999999e+00
-5.175749999999999851e+00
-1.882919999999999927e+00
-3.792110000000000203e-01
3.762719999999999843e+00
-1.667094000000000076e+00
-1.741999999999999993e+00
-5.540129999999999777e-01
-4.279169999999999918e-01
4.797468000000000288e+00
-4.651140000000000274e-01
-1.551050000000000040e+00
-7.350630000000000219e-01
-6.123039999999999594e-01
5.811312000000000033e+00
1.102163400000000060e+01
-4.981449999999999712e+00
9.124919999999999698e-01
-5.044549999999999867e-01
5.100576000000000221e+00
2.126981999999999928e+00
-1.775500000000000134e-01
5.286659999999999693e-01
-3.131099999999999994e-01
3.119921999999999862e+00
8.753550000000000608e+00
-1.507500000000000062e+00
1.585998000000000019e+00
-2.504879999999999884e-01
2.445768000000000164e+00
7.671768000000000143e+00
-2.864250000000000185e+00
1.441157999999999939e+00
-1.809080000000000132e-01
1.980653999999999915e+00
6.114419999999999966e+00
5.386800000000000033e+00
1.227519000000000027e+00
-1.287230000000000041e-01
1.395342000000000082e+00
6.224166000000000309e+00
4.147300000000000431e+00
1.097163000000000110e+00
-1.148070000000000063e-01
1.076556000000000068e+00
6.480240000000000222e+00
4.616299999999999848e+00
1.133372999999999964e+00
-3.409420000000000228e-01
7.420919999999999739e-01
6.783348000000000155e+00
4.870899999999999785e+00
1.126130999999999993e+00
-3.026730000000000254e-01
4.755659999999999887e-01
7.102134000000000391e+00
5.081949999999999967e+00
1.129752000000000089e+00
-3.722530000000000006e-01
-2.299440000000000095e-01
7.400015999999999927e+00
5.071900000000000297e+00
1.133372999999999964e+00
-4.000850000000000239e-01
-3.553680000000000172e-01
7.682220000000000049e+00
5.108749999999999680e+00
1.129752000000000089e+00
-2.887569999999999859e-01
-2.456220000000000070e-01
7.896486000000000338e+00
5.152300000000000324e+00
1.147856999999999905e+00
-2.713619999999999921e-01
-1.787292000000000103e+00
1.140835799999999978e+01
1.554400000000000004e+00
2.060348999999999986e+00
4.035639999999999783e-01
-2.304666000000000103e+00
1.132996799999999915e+01
-9.279500000000000526e-01
1.625828999999999969e+00
3.513789999999999969e-01
-2.691390000000000171e+00
8.941686000000000689e+00
-1.283050000000000024e+00
1.397705999999999893e+00
3.548580000000000068e-01
-3.276701999999999781e+00
7.818095999999999712e+00
-9.916000000000000369e-01
7.531679999999999486e-01
4.209590000000000276e-01
-3.950855999999999923e+00
4.217381999999999742e+00
-3.631400000000000183e+00
9.197340000000000515e-01
5.809929999999999817e-01
-4.222608000000000139e+00
4.823597999999999608e+00
-4.924499999999999988e-01
1.013879999999999892e+00
5.148920000000000163e-01
-5.555238000000000120e+00
4.729529999999999568e+00
1.624749999999999917e+00
1.031984999999999930e+00
2.817990000000000217e-01
-6.030803999999999832e+00
4.661591999999999736e+00
3.942950000000000177e+00
9.523230000000000306e-01
2.156980000000000008e-01
-5.753826000000000107e+00
4.463003999999999749e+00
4.294699999999999740e+00
9.595650000000000013e-01
3.200680000000000192e-01
-4.536167999999999978e+00
4.274867999999999668e+00
4.512450000000000294e+00
9.487020000000000453e-01
1.461179999999999979e-01
-3.856787999999999883e+00
4.086731999999999587e+00
4.582799999999999763e+00
9.559440000000000159e-01
2.122189999999999910e-01
-3.036306000000000171e+00
3.841110000000000024e+00
4.616299999999999848e+00
9.559440000000000159e-01
2.087400000000000089e-01
-2.341248000000000218e+00
3.652973999999999943e+00
4.720150000000000290e+00
9.450809999999999489e-01
2.644039999999999724e-01
-1.818648000000000042e+00
3.647747999999999990e+00
4.770400000000000418e+00
9.450809999999999489e-01
-1.739499999999999935e-01
-1.301274000000000042e+00
3.538002000000000091e+00
4.777099999999999902e+00
9.595650000000000013e-01
-1.843869999999999953e-01
-8.466120000000000312e-01
3.501419999999999977e+00
4.736900000000000333e+00
9.523230000000000306e-01
-1.843869999999999953e-01
-5.278260000000000174e-01
3.396900000000000031e+00
4.756999999999999673e+00
9.523230000000000306e-01
-1.878660000000000052e-01
-0.000000000000000000e+00
3.323735999999999802e+00
4.746950000000000003e+00
9.559440000000000159e-01
-1.913449999999999873e-01
1.661867999999999901e+00
9.913721999999999923e+00
1.437149999999999928e+00
1.796016000000000057e+00
9.393300000000000261e-02
2.194920000000000204e+00
1.056697199999999981e+01
-1.082049999999999956e+00
2.129147999999999818e+00
4.244379999999999820e-01
2.801136000000000070e+00
9.035754000000000730e+00
-3.018349999999999866e+00
2.317439999999999944e+00
4.661859999999999893e-01
3.339414000000000105e+00
9.344087999999999283e+00
-3.628049999999999997e+00
3.012671999999999795e+00
5.392449999999999743e-01
3.548453999999999997e+00
9.250019999999999243e+00
-4.974750000000000227e+00
3.715145999999999837e+00
4.418329999999999758e-01
4.327128000000000085e+00
8.377278000000000446e+00
-1.303150000000000031e+00
3.599273999999999862e+00
3.270259999999999834e-01
5.325294000000000416e+00
3.318509999999999849e+00
-6.499000000000000332e-01
2.230535999999999852e+00
4.070429999999999882e-01
5.769504000000000410e+00
4.703399999999999803e-01
-2.881000000000000227e-01
9.993959999999999511e-01
1.374204999999999899e+00
6.407075999999999993e+00
3.762719999999999954e-01
2.445499999999999896e-01
4.019309999999999827e-01
1.095884999999999998e+00
7.729254000000000069e+00
1.275144000000000055e+00
2.445500000000000007e+00
4.852139999999999787e-01
1.370726000000000111e+00
8.032361999999999114e+00
1.724580000000000002e+00
2.703450000000000131e+00
-3.621000000000000087e-03
1.015867999999999993e+00
8.110751999999999740e+00
2.142660000000000120e-01
2.592900000000000205e+00
-3.983099999999999835e-02
7.688589999999999591e-01
5.664983999999999575e+00
-2.832491999999999788e+00
2.351700000000000124e+00
-3.620999999999999913e-02
6.610099999999999865e-01
4.619784000000000113e+00
-3.051984000000000030e+00
2.318200000000000038e+00
-4.345199999999999757e-02
6.575309999999999766e-01
4.029245999999999661e+00
-3.072887999999999842e+00
2.311500000000000110e+00
-3.983099999999999835e-02
6.992789999999999839e-01
3.752267999999999937e+00
-3.031080000000000219e+00
2.331599999999999895e+00
-3.620999999999999913e-02
7.792959999999999887e-01
3.099018000000000050e+00
-3.036306000000000171e+00
2.324899999999999967e+00
-3.258899999999999991e-02
8.558339999999999836e-01
2.477123999999999882e+00
-2.973593999999999848e+00
2.314849999999999852e+00
-3.258899999999999991e-02
9.219349999999999490e-01
2.252406000000000130e+00
-2.984046000000000198e+00
2.311500000000000110e+00
-3.258899999999999991e-02
9.462880000000000180e-01
1.776839999999999975e+00
-2.968367999999999896e+00
2.304800000000000182e+00
-3.258899999999999991e-02
9.567250000000000476e-01
1.411019999999999941e+00
-2.984046000000000198e+00
2.321549999999999780e+00
-3.620999999999999913e-02
9.775989999999999958e-01
1.447602000000000055e+00
-2.999724000000000057e+00
2.314849999999999852e+00
-3.620999999999999913e-02
9.358509999999999884e-01
1.045199999999999907e+00
-2.989272000000000151e+00
2.321549999999999780e+00
-3.620999999999999913e-02
8.836659999999999515e-01
6.846060000000000478e-01
-2.984046000000000198e+00
2.375150000000000095e+00
-2.896800000000000069e-02
8.488759999999999639e-01
-1.755935999999999941e+00
-4.666818000000000133e+00
3.370099999999999874e+00
-5.866019999999999568e-01
-3.131099999999999994e-01
-2.017236000000000029e+00
-4.572750000000000092e+00
3.289699999999999847e+00
-8.002409999999999801e-01
-4.835809999999999831e-01
-2.696616000000000124e+00
-4.123313999999999702e+00
3.497399999999999842e+00
-7.893780000000000241e-01
-2.852779999999999760e-01
-3.349866000000000010e+00
-3.788850000000000051e+00
3.778799999999999937e+00
-8.292089999999999739e-01
-4.731440000000000090e-01
-4.091957999999999984e+00
-2.707068000000000030e+00
4.281299999999999883e+00
-8.436930000000000263e-01
-5.357659999999999645e-01
-4.426421999999999635e+00
-2.858621999999999996e+00
3.232749999999999790e+00
-8.364509999999999446e-01
-4.835809999999999831e-01
-4.625009999999999621e+00
-1.897038000000000002e+00
3.889349999999999863e+00
-5.467710000000000070e-01
-5.322869999999999546e-01
-4.672043999999999642e+00
-1.353534000000000015e+00
4.097050000000000303e+00
-5.829809999999999715e-01
-3.339840000000000031e-01
-6.448883999999999617e+00
-1.066103999999999941e+00
4.378449999999999953e+00
1.448399999999999910e+00
-4.174800000000000177e-01
-6.631794000000000189e+00
-9.929400000000000448e-01
4.371749999999999581e+00
1.097163000000000110e+00
-2.226559999999999928e-01
-5.712017999999999596e+00
-2.952690000000000037e+00
4.891000000000000014e+00
8.436930000000000263e-01
-2.435299999999999965e-01
-4.875858000000000025e+00
3.078113999999999795e+00
5.088650000000000340e+00
6.735060000000000491e-01
-3.061519999999999797e-01
-3.731364000000000125e+00
6.971484000000000236e+00
5.544249999999999901e+00
6.083279999999999799e-01
-1.287230000000000041e-01
-3.208763999999999950e+00
8.549735999999999336e+00
5.349949999999999761e+00
5.721180000000000154e-01
-1.148070000000000063e-01
-2.686164000000000218e+00
7.452276000000000344e+00
5.246100000000000207e+00
5.322869999999999546e-01
9.045400000000000662e-02
-2.492802000000000184e+00
5.335746000000000322e+00
5.132200000000000095e+00
5.503919999999999924e-01
2.504879999999999884e-01
-2.059044000000000096e+00
4.630236000000000018e+00
4.994849999999999568e+00
5.648760000000000447e-01
2.226559999999999928e-01
-1.447602000000000055e+00
4.363710000000000200e+00
4.941250000000000142e+00
5.721180000000000154e-01
1.461179999999999979e-01
-8.309339999999999504e-01
4.703399999999999803e-01
5.058500000000000441e+00
-2.172600000000000087e-01
4.348750000000000115e-01
-3.762719999999999954e-01
-1.583477999999999941e+00
5.011599999999999611e+00
-5.105610000000000426e-01
4.487909999999999955e-01
1.808195999999999914e+00
-1.447602000000000055e+00
5.453800000000000203e+00
1.980687000000000086e+00
5.079339999999999966e-01
2.414412000000000003e+00
-3.961307999999999829e+00
4.817300000000000360e+00
1.115267999999999926e+00
5.044549999999999867e-01
2.696616000000000124e+00
-4.379387999999999614e+00
4.207600000000000229e+00
8.581769999999999676e-01
1.913449999999999873e-01
3.396900000000000031e+00
8.204820000000000446e-01
3.373450000000000060e+00
5.829809999999999715e-01
1.600340000000000096e-01
3.799301999999999957e+00
4.233060000000000045e+00
1.088750000000000107e+00
1.846710000000000018e-01
2.400509999999999866e-01
4.572750000000000092e+00
9.406799999999999884e-02
3.396900000000000031e+00
-6.735060000000000491e-01
1.391600000000000059e-01
3.417803999999999842e+00
-1.839552000000000076e+00
1.115550000000000042e+00
-1.017500999999999989e+00
1.461179999999999979e-01
2.586869999999999781e+00
5.539560000000000040e-01
4.083649999999999558e+00
-9.342179999999999929e-01
1.391600000000000059e-01
1.776839999999999975e+00
7.734480000000000244e-01
2.612999999999999989e+00
-8.654190000000000493e-01
1.113279999999999964e-01
1.640964000000000089e+00
-1.285595999999999961e+00
1.973149999999999959e+00
-1.118889000000000022e+00
1.182860000000000023e-01
1.181076000000000015e+00
8.048039999999999639e-01
8.441999999999999504e-01
3.150270000000000015e-01
7.653799999999999493e-02
9.668099999999999472e-01
5.069219999999999837e-01
-2.870950000000000113e+00
4.562459999999999849e-01
1.913449999999999873e-01
4.180800000000000072e-01
1.985879999999999868e-01
-5.648100000000000342e+00
2.172600000000000087e-01
3.652949999999999808e-01
-1.891812000000000049e+00
1.672319999999999918e-01
-5.959649999999999892e+00
2.534699999999999731e-01
4.592280000000000251e-01
-2.503254000000000090e+00
2.142660000000000120e-01
-5.547600000000000087e+00
2.389860000000000040e-01
5.009759999999999769e-01
-2.869073999999999902e+00
2.085173999999999861e+00
-5.587799999999999656e+00
1.520819999999999950e-01
3.966060000000000141e-01
-3.882918000000000092e+00
5.790408000000000222e+00
-5.855800000000000338e+00
8.328299999999999592e-02
3.026730000000000254e-01
-4.316676000000000180e+00
2.304666000000000103e+00
-6.810550000000000104e+00
-4.996979999999999755e-01
1.843869999999999953e-01
-4.562298000000000187e+00
4.964700000000000224e-01
-5.959649999999999892e+00
-3.258900000000000130e-01
3.513789999999999969e-01
-4.719077999999999662e+00
1.207206000000000001e+00
-4.371749999999999581e+00
-4.308989999999999765e-01
2.296140000000000125e-01
-4.739982000000000362e+00
-6.788573999999999664e+00
-3.537599999999999856e+00
-6.155699999999999505e-01
2.052609999999999990e-01
-5.278260000000000396e+00
-5.607497999999999649e+00
-2.170799999999999841e+00
-6.409169999999999590e-01
2.435299999999999965e-01
-3.386448000000000125e+00
-4.400292000000000314e+00
-1.162449999999999983e+00
-6.264330000000000176e-01
1.078490000000000004e-01
-3.626844000000000179e+00
-3.104244000000000003e+00
-3.450500000000000234e-01
-5.503919999999999924e-01
8.349600000000000077e-02
-2.111304000000000070e+00
-2.461446000000000023e+00
-1.607999999999999985e-01
-4.091730000000000089e-01
8.001700000000000479e-02
-1.813422000000000089e+00
-1.949297999999999975e+00
-9.379999999999999449e-02
-2.933009999999999784e-01
6.958000000000000296e-02
-1.296048000000000089e+00
-1.782065999999999928e+00
8.709999999999999687e-02
-3.041639999999999899e-01
8.697499999999999676e-02
