2.617994 0.000000 0.000000 0.000000 -49.979898 105.773342 -90.000000 0.000000 0.000000 
2.616621 0.000002 -0.274416 0.000241 -49.715312 104.640756 -90.000000 -0.277918 0.010000 
2.612147 0.001696 -0.605083 0.267513 -31.257768 18.506239 -90.000000 -20.000000 0.020000 
2.604534 0.005303 -0.917293 0.454689 -31.178334 18.957903 -90.000000 -20.000000 0.030000 
2.593803 0.010808 -1.228527 0.647242 -31.062420 19.579598 -90.000000 -20.000000 0.040000 
2.579967 0.018272 -1.538413 0.846800 -30.908243 20.355724 -90.000000 -20.000000 0.050000 
2.563039 0.027773 -1.846556 1.054808 -30.713653 21.265582 -90.000000 -20.000000 0.060000 
2.543041 0.039402 -2.152541 1.272477 -30.476159 22.283047 -90.000000 -20.000000 0.070000 
2.519996 0.053259 -2.455925 1.500727 -30.192952 23.376196 -90.000000 -20.000000 0.080000 
2.493932 0.069455 -2.756235 1.740131 -29.860893 24.506847 -90.000000 -20.000000 0.090000 
2.464882 0.088101 -3.052966 1.990845 -29.476472 25.630074 -90.000000 -20.000000 0.100000 
2.432885 0.109310 -3.345574 2.252537 -29.035680 26.693672 -90.000000 -20.000000 0.110000 
2.397985 0.133187 -3.633472 2.524322 -28.533788 27.637615 -90.000000 -20.000000 0.120000 
2.360232 0.159827 -3.916022 2.804667 -27.965179 28.393789 -90.000000 -20.000000 0.130000 
2.319683 0.189303 -4.192524 3.091315 -27.323063 28.885914 -90.000000 -20.000000 0.140000 
2.276402 0.221666 -4.462203 3.381215 -26.599300 29.030140 -90.000000 -20.000000 0.150000 
2.230463 0.256928 -4.724197 3.670440 -25.784447 28.736743 -90.000000 -20.000000 0.160000 
2.181945 0.295059 -4.977543 3.954163 -24.867992 27.913006 -90.000000 -20.000000 0.170000 
2.130942 0.335976 -5.221168 4.226598 -23.839241 26.468480 -90.000000 -20.000000 0.180000 
2.077556 0.379533 -5.453904 4.481142 -22.688645 24.322286 -90.000000 -20.000000 0.190000 
2.021903 0.425516 -5.674494 4.710434 -21.409794 21.412608 -90.000000 -20.000000 0.200000 
1.964109 0.473633 -5.881647 4.906662 -20.001936 17.708132 -90.000000 -20.000000 0.210000 
1.904318 0.523511 -6.070403 5.054227 -6.781518 -10.993780 -70.167003 -20.000000 0.220000 
1.844201 0.571542 -5.925756 4.491009 18.306528 -65.592339 -30.728716 -20.000000 0.230000 
1.785848 0.613157 -5.745340 3.829741 17.506453 -65.982573 -34.765057 -20.000000 0.240000 
1.729272 0.648124 -5.570610 3.163046 16.627526 -65.560707 -38.506097 -20.000000 0.250000 
1.674419 0.676414 -5.401032 2.495805 16.164110 -65.453693 -41.183275 -20.000000 0.260000 
1.621231 0.698062 -5.237318 1.834597 15.515361 -64.493879 -43.857278 -20.000000 0.270000 
1.569654 0.713138 -5.078657 1.181976 15.150055 -63.742452 -45.775413 -20.000000 0.280000 
1.519639 0.721745 -4.924891 0.541076 14.835309 -62.786298 -47.348615 -20.000000 0.290000 
1.471137 0.724014 -4.775987 -0.085409 14.006760 -60.513200 -49.531062 -20.000000 0.300000 
1.424100 0.720098 -4.631887 -0.695485 13.847733 -59.458367 -50.327673 -20.000000 0.310000 
1.378482 0.710164 -4.492214 -1.288411 13.614274 -58.122512 -50.973018 -20.000000 0.320000 
1.334239 0.694393 -4.356965 -1.863198 12.726485 -55.344252 -52.418903 -20.000000 0.330000 
1.291327 0.672965 -4.226117 -2.419388 12.586090 -54.101169 -52.282930 -20.000000 0.340000 
1.249701 0.646070 -4.099770 -2.956711 12.297846 -52.564358 -52.040316 -20.000000 0.350000 
1.209319 0.613886 -3.977042 -3.477369 11.497161 -50.013817 -52.275314 -20.000000 0.360000 
1.170144 0.576582 -3.858707 -3.980488 11.101446 -48.402203 -51.415458 -20.000000 0.370000 
1.132133 0.534325 -3.744141 -4.468456 10.787079 -47.087399 -49.975771 -20.000000 0.380000 
1.095177 0.487687 -3.665767 -4.712596 5.397099 19.703952 -15.411072 0.208788 0.390000 
1.058916 0.441849 -3.578354 -4.439557 10.227962 29.335058 8.069191 7.279913 0.400000 
1.023662 0.398956 -3.471679 -4.139689 10.557278 28.739468 8.859765 7.308016 0.410000 
0.989479 0.359000 -3.365417 -3.854544 10.518127 27.660082 7.967305 6.965667 0.420000 
0.956350 0.321819 -3.261783 -3.587458 10.367162 26.132485 6.323479 6.444633 0.430000 
0.924241 0.287212 -3.160964 -3.337682 10.039983 24.304540 3.880156 5.742028 0.440000 
0.893121 0.255010 -3.063521 -3.105323 9.340545 22.123981 0.018700 4.689849 0.450000 
0.862960 0.225054 -2.969105 -2.888560 9.118160 20.717374 -1.725365 4.304061 0.460000 
0.833731 0.197194 -2.877213 -2.685675 8.868696 19.379885 -3.466309 3.953774 0.470000 
0.805406 0.171293 -2.788221 -2.496480 8.611473 18.066610 -5.164271 3.629018 0.480000 
0.777954 0.147215 -2.702456 -2.320750 8.245730 16.771774 -7.132375 3.251599 0.490000 
0.751346 0.124833 -2.619473 -2.157058 8.107425 15.758175 -8.137362 3.146099 0.500000 
0.725555 0.104034 -2.538755 -2.003923 7.930410 14.852614 -9.140641 3.060231 0.510000 
0.700555 0.084713 -2.461189 -1.861659 7.838235 13.773371 -9.947253 2.970022 0.520000 
0.676323 0.066770 -2.385557 -1.728302 7.610368 12.848912 -11.025102 2.845552 0.530000 
0.652835 0.050115 -2.312444 -1.603975 7.116490 11.958136 -12.854649 2.554528 0.540000 
0.630069 0.034662 -2.240634 -1.487140 7.097338 11.412781 -12.954561 2.703977 0.550000 
0.608003 0.020336 -2.172110 -1.378871 6.757817 10.540304 -14.216483 2.514608 0.560000 
0.586614 0.007055 -2.105212 -1.277685 6.915839 9.870464 -13.791676 2.719089 0.570000 
0.565880 -0.005247 -2.041154 -1.183609 5.928459 9.368548 -16.722850 2.231384 0.580000 
0.545781 -0.016640 -1.978209 -1.095354 6.320904 8.676669 -15.549776 2.561722 0.590000 
0.526297 -0.027180 -1.918010 -1.013293 5.553136 8.245052 -17.712506 2.229772 0.600000 
0.507411 -0.036926 -1.858849 -0.936421 5.839184 7.642423 -16.772844 2.502436 0.610000 
0.489103 -0.045929 -1.802310 -0.864863 5.207747 7.256519 -18.455323 2.258738 0.620000 
0.471356 -0.054240 -1.746692 -0.797920 5.363956 6.776906 -17.807810 2.471959 0.630000 
0.454153 -0.061904 -1.693471 -0.735425 5.035602 6.302894 -18.608219 2.369808 0.640000 
0.437474 -0.068966 -1.641896 -0.677482 4.624519 6.092746 -19.482310 2.303443 0.650000 
0.421308 -0.075465 -1.591328 -0.622703 4.899840 5.325701 -18.641143 2.453324 0.660000 
0.405637 -0.081437 -1.542570 -0.572072 4.291650 5.424860 -19.904945 2.359083 0.670000 
0.390448 -0.086914 -1.495916 -0.525450 4.380365 5.012638 -19.397839 2.501139 0.680000 
0.375720 -0.091942 -1.449648 -0.480723 4.158423 4.713312 -19.752780 2.483358 0.690000 
0.361445 -0.096540 -1.405182 -0.439470 4.027687 4.434244 -19.823539 2.519882 0.700000 
0.347608 -0.100739 -1.362020 -0.400925 3.941848 4.124808 -19.782332 2.563966 0.710000 
0.334197 -0.104566 -1.320082 -0.364904 3.708181 3.971725 -20.089699 2.565846 0.720000 
0.321199 -0.108045 -1.279454 -0.331246 3.813515 3.466259 -19.609045 2.638042 0.730000 
0.308600 -0.111200 -1.240358 -0.300095 3.779642 3.117994 -19.451969 2.673779 0.740000 
0.296389 -0.114053 -1.202056 -0.270667 3.649606 2.835353 -19.547655 2.667177 0.750000 
0.284555 -0.116624 -1.165144 -0.243585 3.677833 2.492095 -19.216747 2.727086 0.760000 
0.273084 -0.118933 -1.129194 -0.218429 3.349948 2.658093 -19.640284 2.749528 0.770000 
0.261968 -0.120998 -1.094244 -0.194754 3.282470 2.453495 -19.524842 2.787832 0.780000 
0.251194 -0.122835 -1.060296 -0.172932 3.196491 2.408480 -19.375449 2.866643 0.790000 
0.240753 -0.124459 -1.027756 -0.152391 2.986925 2.296903 -19.641624 2.839251 0.800000 
0.230636 -0.125886 -0.996020 -0.133164 2.982539 1.972642 -19.437594 2.852317 0.810000 
0.220833 -0.127129 -0.964630 -0.115412 2.982344 1.883486 -19.087649 2.948500 0.820000 
0.211335 -0.128199 -0.934833 -0.098767 2.709095 1.901888 -19.490428 2.912500 0.830000 
0.202131 -0.129109 -0.905805 -0.083480 2.614664 1.840967 -19.420703 2.950369 0.840000 
0.193213 -0.129871 -0.877765 -0.069110 2.641297 1.541199 -19.146482 2.968558 0.850000 
0.184572 -0.130496 -0.850373 -0.055885 2.625112 1.414813 -18.903303 3.019479 0.860000 
0.176200 -0.130991 -0.823972 -0.043519 2.451167 1.420933 -19.056123 3.018687 0.870000 
0.168090 -0.131369 -0.798146 -0.032045 2.502046 1.199566 -18.690425 3.065894 0.880000 
0.160233 -0.131634 -0.773215 -0.021299 2.426583 1.077821 -18.647527 3.068775 0.890000 
0.152622 -0.131798 -0.748585 -0.011636 2.426195 1.065636 -18.325262 3.153206 0.900000 
0.145252 -0.131865 -0.725366 -0.002157 2.252403 0.974545 -18.572943 3.099507 0.910000 
0.138111 -0.131844 -0.702607 0.006218 2.174966 0.977979 -18.487048 3.134964 0.920000 
0.131194 -0.131740 -0.680706 0.014183 2.090624 0.879144 -18.492181 3.124973 0.930000 
0.124496 -0.131562 -0.659092 0.021621 1.878892 0.999452 -18.750452 3.115014 0.940000 
0.118008 -0.131312 -0.638453 0.028241 1.954198 0.784899 -18.370195 3.152152 0.950000 
0.111726 -0.130999 -0.617911 0.034344 1.662131 1.180094 -18.716705 3.187860 0.960000 
0.105642 -0.130624 -0.598571 0.040067 1.692813 0.991103 -18.469559 3.201043 0.970000 
0.099751 -0.130195 -0.579424 0.045503 1.586195 0.991382 -18.522376 3.197838 0.980000 
0.094048 -0.129715 -0.561019 0.050463 1.643862 0.764219 -18.234403 3.207672 0.990000 
0.088526 -0.129186 -0.543317 0.055032 1.631293 0.620796 -18.111326 3.202983 1.000000 
0.083180 -0.128615 -0.525834 0.059010 1.693514 0.501096 -17.759903 3.249819 1.010000 
0.078006 -0.128003 -0.509302 0.062961 1.546959 0.524057 -17.947777 3.219927 1.020000 
0.072996 -0.127357 -0.492636 0.066345 1.646538 0.347146 -17.534897 3.263689 1.030000 
0.068148 -0.126676 -0.476879 0.069522 1.380630 0.654360 -17.918232 3.261106 1.040000 
0.063455 -0.125965 -0.461425 0.072496 1.514254 0.337362 -17.503325 3.269642 1.050000 
0.058914 -0.125225 -0.446628 0.075135 1.457602 0.327433 -17.472618 3.273300 1.060000 
0.054520 -0.124460 -0.432086 0.077538 1.215189 0.630383 -17.809127 3.277019 1.070000 
0.050269 -0.123673 -0.417899 0.079655 1.377314 0.329017 -17.319799 3.302751 1.080000 
0.046156 -0.122863 -0.404425 0.081835 1.194612 0.447808 -17.603861 3.271277 1.090000 
0.042177 -0.122036 -0.391203 0.083598 1.135217 0.474495 -17.584305 3.279181 1.100000 
0.038329 -0.121191 -0.378381 0.085316 1.283511 0.116024 -17.188882 3.270440 1.110000 
0.034607 -0.120330 -0.365952 0.086620 1.304642 0.055042 -16.995387 3.291928 1.120000 
0.031005 -0.119458 -0.353920 0.087866 1.120071 0.322247 -17.218034 3.307057 1.130000 
0.027525 -0.118572 -0.342216 0.089207 1.079344 0.208507 -17.251329 3.268521 1.140000 
0.024158 -0.117675 -0.330855 0.089938 0.885244 0.554385 -17.465132 3.303642 1.150000 
0.020904 -0.116770 -0.319895 0.090958 0.969665 0.294301 -17.226556 3.284901 1.160000 
0.017758 -0.115856 -0.309232 0.091613 1.159375 -0.053317 -16.733653 3.297068 1.170000 
0.014715 -0.114935 -0.298967 0.092260 1.000566 0.144000 -16.948222 3.295245 1.180000 
0.011776 -0.114009 -0.288880 0.092766 0.889101 0.278698 -17.065224 3.298100 1.190000 
0.008936 -0.113078 -0.278984 0.093199 0.885065 0.234825 -16.976650 3.299942 1.200000 
0.006191 -0.112143 -0.269568 0.093540 0.776698 0.357926 -17.100590 3.298106 1.210000 
0.003541 -0.111205 -0.260393 0.094001 0.843875 0.116759 -16.929856 3.268967 1.220000 
0.000980 -0.110264 -0.251493 0.093993 0.697730 0.378738 -17.089766 3.292820 1.230000 
-0.001492 -0.109322 -0.242898 0.094179 0.764980 0.186640 -16.897094 3.279786 1.240000 
-0.003881 -0.108379 -0.234515 0.094153 0.675287 0.317065 -16.977711 3.288000 1.250000 
-0.006186 -0.107437 -0.226359 0.094182 0.731509 0.160704 -16.803815 3.279567 1.260000 
-0.008413 -0.106494 -0.218555 0.093992 0.615786 0.350917 -16.932848 3.291935 1.270000 
-0.010561 -0.105553 -0.210898 0.093976 0.666956 0.178914 -16.790974 3.273037 1.280000 
-0.012635 -0.104613 -0.203592 0.093787 0.633184 0.194152 -16.790597 3.269880 1.290000 
-0.014635 -0.103675 -0.196297 0.093515 0.723703 0.013825 -16.543616 3.270638 1.300000 
-0.016564 -0.102740 -0.189254 0.093196 0.687492 0.050689 -16.544028 3.272469 1.310000 
-0.018426 -0.101807 -0.182690 0.092986 0.662347 0.024532 -16.553425 3.257262 1.320000 
-0.020221 -0.100878 -0.176090 0.092598 0.500003 0.286124 -16.797821 3.262499 1.330000 
-0.021959 -0.099940 -0.170605 0.093127 1.152143 -1.310943 -15.761265 3.086804 1.340000 
-0.023628 -0.099020 -0.163588 0.091799 0.639228 -0.043505 -16.437441 3.243814 1.350000 
-0.023220 -0.099198 0.244865 -0.127302 40.847335 -21.853477 90.000000 20.000000 1.360000 
-0.018725 -0.101560 0.653415 -0.343799 40.865043 -21.375291 90.000000 20.000000 1.370000 
-0.010144 -0.106054 1.062216 -0.553304 40.897284 -20.453766 90.000000 20.000000 1.380000 
0.002526 -0.112590 1.471399 -0.751314 40.940516 -19.073358 90.000000 20.000000 1.390000 
0.019288 -0.121027 1.881046 -0.933142 40.989208 -17.211862 90.000000 20.000000 1.400000 
0.040150 -0.131182 2.291175 -1.093830 41.035522 -14.841192 90.000000 20.000000 1.410000 
0.064986 -0.142604 2.605897 -1.071864 -0.270922 55.207116 8.594966 20.000000 1.420000 
0.090776 -0.150141 2.543233 -0.420889 -7.485756 67.148902 -5.867918 20.000000 1.430000 
0.115834 -0.150988 2.468362 0.251703 -7.339957 67.158359 -5.351575 20.000000 1.440000 
0.140151 -0.145108 2.395089 0.925136 -7.455262 67.789037 -4.859312 20.000000 1.450000 
0.163746 -0.132483 2.323861 1.600651 -6.858808 67.454813 -2.495841 20.000000 1.460000 
0.186636 -0.113080 2.254055 2.281271 -6.870542 68.317947 -0.885243 20.000000 1.470000 
0.208837 -0.086841 2.186032 2.968402 -6.742667 69.152994 1.401950 20.000000 1.480000 
0.230366 -0.053688 2.119716 3.664149 -6.315195 69.670727 4.610365 20.000000 1.490000 
0.251240 -0.013527 2.055337 4.370040 -6.150530 70.823076 7.567935 20.000000 1.500000 
0.271477 0.033758 1.992286 5.089001 -5.760263 71.746609 11.095183 20.000000 1.510000 
0.291093 0.088299 1.931216 5.821586 -6.064010 74.095211 13.308847 20.000000 1.520000 
0.310203 0.149649 1.916508 6.243506 2.496526 -23.019059 -27.214113 -10.430931 1.530000 
0.329320 0.210500 1.894589 5.914231 -5.035154 -32.957402 -62.639633 -20.000000 1.540000 
0.348004 0.268041 1.842076 5.597441 -5.221723 -30.902408 -66.140259 -20.000000 1.550000 
0.366169 0.322486 1.790893 5.294259 -5.183360 -29.425314 -68.732239 -20.000000 1.560000 
0.383826 0.373966 1.740558 5.004192 -4.989860 -28.400639 -70.621780 -20.000000 1.570000 
0.400984 0.422602 1.691157 4.725695 -4.719157 -27.672026 -72.013336 -20.000000 1.580000 
0.417655 0.468504 1.642927 4.456974 -4.800288 -26.352233 -73.696746 -20.000000 1.590000 
0.433849 0.511763 1.595817 4.196900 -4.755189 -25.407118 -74.895401 -20.000000 1.600000 
0.449580 0.552455 1.550346 3.943255 -4.357066 -25.304444 -75.270421 -20.000000 1.610000 
0.464856 0.590655 1.505258 3.697573 -4.319087 -24.558719 -76.064480 -20.000000 1.620000 
0.479694 0.626412 1.462222 3.455399 -4.341935 -23.779162 -76.799279 -20.000000 1.630000 
0.494103 0.659774 1.419839 3.218751 -4.004931 -23.837661 -76.792744 -20.000000 1.640000 
0.508094 0.690787 1.378697 2.985566 -4.016105 -23.247519 -77.258398 -20.000000 1.650000 
0.521679 0.719491 1.338268 2.756187 -3.511091 -23.807685 -76.762403 -20.000000 1.660000 
0.534867 0.745909 1.299282 2.528420 -3.440577 -23.523289 -76.918780 -20.000000 1.670000 
0.547671 0.770057 1.261616 2.301914 -3.688505 -22.631639 -77.548060 -20.000000 1.680000 
0.560103 0.791949 1.224842 2.077018 -3.630784 -22.429994 -77.613373 -20.000000 1.690000 
0.572170 0.811600 1.188900 1.853373 -3.516950 -22.390633 -77.545204 -20.000000 1.700000 
0.583885 0.829012 1.154200 1.629705 -3.296172 -22.613424 -77.267028 -20.000000 1.710000 
0.595259 0.844189 1.120443 1.406259 -24.799107 70.326746 -77.107726 -2.366972 1.720000 
0.606178 0.858478 1.077221 1.390551 -3.003098 -9.572640 -66.890287 -15.136180 1.730000 
0.616798 0.871918 1.046513 1.297432 -3.045204 -8.733953 -66.621389 -14.917930 1.740000 
0.627109 0.884444 1.015790 1.208580 -2.987748 -8.402144 -66.390387 -14.802856 1.750000 
0.637116 0.896107 0.985625 1.124644 -2.934923 -7.938684 -66.056259 -14.636689 1.760000 
0.646826 0.906959 0.956370 1.046333 -2.836611 -7.449847 -65.539166 -14.421129 1.770000 
0.656248 0.917055 0.928293 0.973789 -2.789239 -7.065917 -65.254422 -14.277448 1.780000 
0.665393 0.926447 0.901132 0.906155 -2.646727 -6.494875 -64.506881 -13.988925 1.790000 
0.674268 0.935179 0.874490 0.842440 -2.527934 -6.084844 -63.947694 -13.773535 1.800000 
0.682882 0.943300 0.848589 0.782691 -2.557632 -5.767994 -63.932623 -13.700530 1.810000 
0.691242 0.950844 0.823311 0.726712 -2.497973 -5.430538 -63.602731 -13.549609 1.820000 
0.699354 0.957851 0.799089 0.674789 -2.268194 -4.830051 -62.515514 -13.171835 1.830000 
0.707229 0.964357 0.775904 0.627176 -2.184136 -4.695910 -62.245656 -13.071983 1.840000 
0.714874 0.970400 0.753192 0.582124 -2.215941 -4.419333 -62.238793 -13.004515 1.850000 
0.722294 0.976007 0.730768 0.539506 -1.895693 -4.157781 -61.094627 -12.677424 1.860000 
0.729495 0.981202 0.709770 0.500803 -1.983821 -3.887045 -61.264277 -12.650462 1.870000 
0.736488 0.986022 0.688577 0.463528 -2.053697 -3.667617 -61.407430 -12.627166 1.880000 
0.743274 0.990485 0.668426 0.429218 -2.104322 -3.336302 -61.400290 -12.546938 1.890000 
0.749863 0.994617 0.648897 0.397285 -2.052515 -3.102006 -61.129416 -12.424708 1.900000 
0.756259 0.998440 0.629950 0.367485 -2.045565 -2.861485 -60.995432 -12.332577 1.910000 
0.762468 1.001974 0.611593 0.339675 -1.533363 -2.945427 -59.463431 -11.982701 1.920000 
0.768496 1.005241 0.593740 0.313767 -1.720808 -2.660440 -59.919000 -12.017276 1.930000 
0.774349 1.008256 0.576633 0.289603 -1.480662 -2.541476 -59.110945 -11.794174 1.940000 
0.780032 1.011039 0.559732 0.266949 -1.452945 -2.449062 -59.007069 -11.738147 1.950000 
0.785549 1.013602 0.543481 0.245898 -1.445002 -2.271750 -58.901344 -11.665114 1.960000 
0.790906 1.015962 0.527556 0.226443 -1.455347 -2.245804 -58.964407 -11.660706 1.970000 
0.796107 1.018132 0.512359 0.207889 -1.416763 -1.926995 -58.649527 -11.512194 1.980000 
0.801158 1.020125 0.497579 0.190908 -1.231506 -1.989603 -58.141110 -11.394543 1.990000 
0.806063 1.021954 0.483096 0.175075 -1.379642 -1.734573 -58.472598 -11.407201 2.000000 
0.810826 1.023628 0.469353 0.160179 -1.202567 -1.654893 -57.881016 -11.242991 2.010000 
0.815453 1.025161 0.455950 0.146324 -1.262400 -1.349693 -57.885970 -11.171340 2.020000 
0.819946 1.026560 0.442755 0.133685 -1.123484 -1.543180 -57.616185 -11.135311 2.030000 
0.824310 1.027835 0.429914 0.121555 -1.165570 -1.336214 -57.632843 -11.086272 2.040000 
0.828547 1.028994 0.417504 0.110365 -1.040725 -1.381952 -57.295695 -11.006309 2.050000 
0.832663 1.030045 0.405509 0.099968 -1.073407 -1.218315 -57.310799 -10.966005 2.060000 
0.836661 1.030996 0.393882 0.090286 -1.070540 -1.099854 -57.243020 -10.915918 2.070000 
0.840544 1.031853 0.382586 0.081275 -1.019730 -1.061625 -57.078346 -10.859781 2.080000 
0.844316 1.032624 0.371634 0.072899 -0.978841 -1.015040 -56.938183 -10.807907 2.090000 
0.847979 1.033313 0.361010 0.065099 -0.937301 -0.971635 -56.796990 -10.756722 2.100000 
0.851539 1.033927 0.350699 0.057849 -0.868505 -0.977198 -56.602795 -10.703376 2.110000 
0.854996 1.034472 0.340534 0.051209 -1.015627 -0.730777 -56.918166 -10.717177 2.120000 
0.858355 1.034950 0.330967 0.044895 -0.909926 -0.748743 -56.611784 -10.641167 2.130000 
0.861618 1.035369 0.321590 0.039012 -0.857148 -0.710941 -56.433976 -10.583860 2.140000 
0.864789 1.035732 0.312304 0.033731 -0.895502 -0.644838 -56.528387 -10.583547 2.150000 
0.867869 1.036042 0.303406 0.028815 -0.572017 -1.160579 -55.883906 -10.529440 2.160000 
0.870861 1.036305 0.294841 0.024036 -0.987545 -0.309589 -56.613969 -10.519930 2.170000 
0.873772 1.036521 0.286813 0.019810 -0.719356 -0.668094 -56.030114 -10.449109 2.180000 
0.876599 1.036698 0.278654 0.015718 -0.779764 -0.469563 -56.094430 -10.416764 2.190000 
0.879345 1.036834 0.270835 0.012050 -0.713128 -0.526284 -55.936535 -10.384285 2.200000 
0.882015 1.036936 0.263173 0.008557 -0.726131 -0.419789 -55.914382 -10.350836 2.210000 
0.884610 1.037005 0.255661 0.005349 -0.641082 -0.518558 -55.726717 -10.320349 2.220000 
0.887131 1.037044 0.248408 0.002387 -0.637753 -0.466101 -55.690436 -10.294821 2.230000 
0.889583 1.037053 0.241644 -0.000189 -0.613980 -0.476670 -55.634132 -10.277366 2.240000 
0.891967 1.037037 0.234789 -0.002579 -0.611612 -0.498827 -55.654861 -10.280067 2.250000 
0.894285 1.036997 0.228344 -0.005028 -0.631635 -0.333527 -55.608875 -10.230629 2.260000 
0.896536 1.036935 0.221808 -0.007280 -0.581626 -0.348343 -55.469370 -10.195644 2.270000 
0.898725 1.036851 0.215724 -0.009195 -0.541486 -0.381152 -55.374511 -10.174603 2.280000 
0.900853 1.036749 0.209712 -0.011076 -0.536900 -0.311161 -55.317985 -10.142210 2.290000 
0.902920 1.036629 0.203811 -0.012727 -0.582734 -0.197780 -55.391664 -10.131221 2.300000 
0.907365 1.035694 0.685235 -0.174985 48.191488 -16.461977 90.000000 20.000000 2.310000 
0.916631 1.033108 1.167925 -0.343411 48.360064 -17.292904 90.000000 20.000000 2.320000 
0.930634 1.028992 1.565847 -0.346927 4.129161 71.300215 12.734826 20.000000 2.330000 
0.946182 1.029725 1.534291 0.512739 -4.490816 88.629732 -2.788548 20.000000 2.340000 
0.961304 1.039275 1.490273 1.396607 -4.139906 87.777152 -3.139031 20.000000 2.350000 
0.975995 1.057636 1.448090 2.274729 -4.127002 87.485343 -4.572615 20.000000 2.360000 
0.990282 1.084702 1.421163 3.076207 7.318596 19.267495 -19.291578 3.495140 2.370000 
1.004662 1.115336 1.436400 3.001860 -2.786750 -16.100469 -77.425675 -16.641252 2.380000 
1.018854 1.144434 1.399701 2.814551 -4.123046 -19.563298 -83.730892 -18.684153 2.390000 
1.032641 1.171627 1.357588 2.625911 -4.188782 -18.257234 -82.472121 -18.058935 2.400000 
1.046007 1.196982 1.315837 2.447116 -4.126377 -17.139188 -80.932891 -17.411172 2.410000 
1.058963 1.220610 1.275362 2.280890 -3.920659 -15.785864 -78.787529 -16.578225 2.420000 
1.071521 1.242638 1.236508 2.125967 -3.852444 -14.532685 -77.165507 -15.881295 2.430000 
1.083696 1.263164 1.198560 1.980828 -3.683943 -13.514050 -75.412102 -15.204921 2.440000 
1.095497 1.282284 1.161787 1.844941 -3.608525 -12.927330 -74.268529 -14.755806 2.450000 
1.106937 1.300096 1.126352 1.718773 -3.512395 -12.474742 -73.173867 -14.346467 2.460000 
1.118027 1.316685 1.091805 1.600209 -3.391188 -11.368969 -71.581238 -13.686260 2.470000 
1.128779 1.332135 1.058773 1.490759 -3.301531 -10.802753 -70.478339 -13.250601 2.480000 
1.139205 1.346523 1.026567 1.387931 -3.154354 -9.772738 -68.911734 -12.612505 2.490000 
1.149313 1.359914 0.995681 1.292789 -3.120948 -9.472767 -68.206688 -12.323511 2.500000 
1.159115 1.372379 0.965280 1.202734 -2.927548 -8.436261 -66.544645 -11.665054 2.510000 
1.168618 1.383976 0.936226 1.119638 -2.976279 -8.324862 -66.256143 -11.510518 2.520000 
1.177834 1.394768 0.907652 1.041108 -2.700524 -7.279544 -64.384998 -10.807680 2.530000 
1.186771 1.404806 0.880391 0.968761 -2.702078 -7.035894 -63.903886 -10.584917 2.540000 
1.195440 1.414146 0.853562 0.900310 -2.605740 -6.542708 -62.979305 -10.212871 2.550000 
1.203845 1.422827 0.827945 0.837214 -2.495074 -6.052713 -62.032461 -9.838160 2.560000 
1.211998 1.430896 0.803044 0.778186 -2.425012 -5.664223 -61.290104 -9.532076 2.570000 
1.219904 1.438395 0.778436 0.722210 -2.301458 -5.240576 -60.377783 -9.184416 2.580000 
1.227572 1.445359 0.755035 0.670831 -2.155706 -4.839846 -59.429206 -8.836026 2.590000 
1.235009 1.451827 0.732383 0.622943 -2.005533 -4.469625 -58.500799 -8.501082 2.600000 
1.242224 1.457832 0.710393 0.578255 -2.234918 -4.403976 -58.919041 -8.521507 2.610000 
1.249223 1.463405 0.689113 0.536474 -1.984483 -3.956151 -57.664140 -8.104005 2.620000 
1.256012 1.468576 0.668546 0.497823 -2.141367 -3.842975 -57.853932 -8.068810 2.630000 
1.262599 1.473372 0.648507 0.461443 -1.880818 -3.523167 -56.671259 -7.700761 2.640000 
1.268987 1.477814 0.629716 0.428360 -1.839449 -3.216692 -56.165035 -7.478225 2.650000 
1.275188 1.481936 0.610447 0.396298 -1.626109 -3.126964 -55.286420 -7.232411 2.660000 
1.281202 1.485752 0.592232 0.366851 -1.671094 -2.916269 -55.114245 -7.106001 2.670000 
1.287038 1.489283 0.574601 0.339464 -1.584863 -2.742173 -54.580097 -6.914966 2.680000 
1.292700 1.492549 0.557514 0.313942 -1.547144 -2.572054 -54.200507 -6.758584 2.690000 
1.298193 1.495570 0.540952 0.290156 -1.491581 -2.417707 -53.784123 -6.600001 2.700000 
1.303524 1.498360 0.524898 0.267988 -1.440936 -2.272688 -53.394504 -6.450775 2.710000 
1.308696 1.500936 0.509334 0.247331 -1.388512 -2.138790 -53.012402 -6.307304 2.720000 
1.313715 1.503313 0.494247 0.228083 -1.336160 -2.015103 -52.642435 -6.170270 2.730000 
1.318586 1.505503 0.479620 0.210152 -1.284027 -1.901216 -52.284461 -6.039491 2.740000 
1.323313 1.507521 0.465439 0.193449 -1.232388 -1.796626 -51.938697 -5.914835 2.750000 
1.327900 1.509377 0.451690 0.177892 -1.181519 -1.700754 -51.605331 -5.796146 2.760000 
1.332351 1.511083 0.438359 0.163405 -1.131583 -1.613051 -51.284258 -5.683217 2.770000 
1.336671 1.512649 0.425417 0.149922 -1.072691 -1.551886 -50.957075 -5.576656 2.780000 
1.340865 1.514085 0.412983 0.137450 -1.279450 -1.249089 -51.275385 -5.545311 2.790000 
1.344935 1.515399 0.400840 0.125740 -1.146728 -1.235125 -50.765658 -5.414888 2.800000 
1.348885 1.516601 0.389097 0.114733 -0.982438 -1.207523 -50.157783 -5.262157 2.810000 
1.352720 1.517698 0.377619 0.104784 -1.194546 -1.006822 -50.564808 -5.276634 2.820000 
1.356442 1.518697 0.366565 0.095280 -0.959699 -1.095201 -49.825205 -5.126999 2.830000 
1.360055 1.519605 0.355849 0.086391 -0.946266 -0.950223 -49.603670 -5.027969 2.840000 
1.363561 1.520427 0.345632 0.078530 -1.031581 -0.833231 -49.695067 -5.000597 2.850000 
1.366966 1.521173 0.335304 0.070860 -0.999864 -0.810132 -49.499278 -4.938098 2.860000 
1.370271 1.521846 0.325545 0.063771 -0.927776 -0.775176 -49.179554 -4.848091 2.870000 
1.373480 1.522450 0.316023 0.057091 -0.773480 -0.812345 -48.662759 -4.736050 2.880000 
1.376594 1.522989 0.307020 0.051248 -0.867615 -0.681748 -48.782955 -4.714312 2.890000 
1.379619 1.523473 0.297908 0.045565 -0.901320 -0.597556 -48.754596 -4.674185 2.900000 
1.382555 1.523901 0.289117 0.040271 -0.632961 -0.859738 -48.043924 -4.579240 2.910000 
1.385407 1.524278 0.280931 0.035450 -0.907721 -0.414467 -48.515478 -4.554867 2.920000 
1.388177 1.524609 0.272716 0.031030 -0.656519 -0.734665 -47.895321 -4.493756 2.930000 
1.390865 1.524896 0.264817 0.026744 -0.693300 -0.582827 -47.844212 -4.434935 2.940000 
1.393476 1.525143 0.257132 0.022771 -0.759471 -0.396798 -47.861507 -4.382326 2.950000 
1.396012 1.525353 0.249716 0.019376 -0.725016 -0.469279 -47.739372 -4.364497 2.960000 
1.398476 1.525528 0.242552 0.016005 -0.610041 -0.546106 -47.383379 -4.300415 2.970000 
1.400866 1.525671 0.235429 0.012846 -0.741939 -0.300465 -47.564952 -4.268359 2.980000 
1.403188 1.525785 0.228642 0.010051 -0.704009 -0.328792 -47.411396 -4.234787 2.990000 
1.405016 1.524417 0.136965 -0.283467 -9.169518 -29.322573 -90.000000 -20.000000 3.000000 
1.405928 1.520116 0.045488 -0.576439 -9.114251 -29.273861 -90.000000 -20.000000 3.010000 
1.405928 1.512888 -0.045089 -0.868979 -8.990207 -29.235717 -90.000000 -20.000000 3.020000 
1.405031 1.502735 -0.134096 -1.161180 -8.800846 -29.205762 -90.000000 -20.000000 3.030000 
1.403253 1.489662 -0.220900 -1.453108 -8.551169 -29.180096 -90.000000 -20.000000 3.040000 
1.400621 1.473671 -0.304934 -1.744778 -8.247729 -29.153242 -90.000000 -20.000000 3.050000 
1.397164 1.454763 -0.385696 -2.036142 -7.898628 -29.117798 -90.000000 -20.000000 3.060000 
1.392918 1.432945 -0.462779 -2.327073 -7.513537 -29.064550 -90.000000 -20.000000 3.070000 
1.387921 1.408219 -0.535876 -2.617332 -7.103696 -28.981780 -90.000000 -20.000000 3.080000 
1.382213 1.380594 -0.604803 -2.906557 -6.681926 -28.855371 -90.000000 -20.000000 3.090000 
1.375837 1.350085 -0.669512 -3.194230 -6.262604 -28.668449 -90.000000 -20.000000 3.100000 
1.368835 1.316710 -0.730107 -3.479647 -5.861633 -28.401000 -90.000000 -20.000000 3.110000 
1.361246 1.280493 -0.786853 -3.761886 -5.496354 -28.029821 -90.000000 -20.000000 3.120000 
1.353108 1.241479 -0.840206 -4.039793 -5.185284 -27.529027 -90.000000 -20.000000 3.130000 
1.344450 1.199710 -0.890801 -4.311913 -4.947961 -26.869554 -90.000000 -20.000000 3.140000 
1.335297 1.155257 -0.939476 -4.576520 -4.804242 -26.021181 -90.000000 -20.000000 3.150000 
1.325662 1.108204 -0.987266 -4.831566 -4.773732 -24.953326 -90.000000 -20.000000 3.160000 
1.315549 1.058659 -1.035398 -5.074711 -4.874683 -23.637869 -90.000000 -20.000000 3.170000 
1.304947 1.006753 -1.085266 -5.303362 -5.122739 -22.052221 -90.000000 -20.000000 3.180000 
1.293831 0.952645 -1.138402 -5.514742 -5.529440 -20.183220 -90.000000 -20.000000 3.190000 
1.282161 0.896521 -1.196429 -5.706006 -6.100661 -18.031233 -90.000000 -20.000000 3.200000 
1.269879 0.838598 -1.260991 -5.874397 -6.835266 -15.613711 -90.000000 -20.000000 3.210000 
1.256911 0.779116 -1.333684 -6.017428 -7.724273 -12.967275 -90.000000 -20.000000 3.220000 
1.243170 0.718340 -1.415973 -6.133074 -8.750883 -10.147395 -90.000000 -20.000000 3.230000 
1.228552 0.656550 -1.509120 -6.219950 -9.891545 -7.225065 -90.000000 -20.000000 3.240000 
1.212945 0.594040 -1.614126 -6.277429 -11.118059 -4.280581 -90.000000 -20.000000 3.250000 
1.196224 0.531101 -1.731700 -6.305697 -12.400405 -1.395332 -90.000000 -20.000000 3.260000 
1.178263 0.468022 -1.862256 -6.305726 -13.709802 1.356911 -90.000000 -20.000000 3.270000 
1.158931 0.405078 -2.005934 -6.279152 -15.021421 3.917495 -90.000000 -20.000000 3.280000 
1.138096 0.342524 -2.162657 -6.228104 -16.316281 6.247850 -90.000000 -20.000000 3.290000 
1.115619 0.280641 -2.343441 -6.105131 -24.111099 37.377322 -90.000000 -14.085826 3.300000 
1.090934 0.221629 -2.594053 -5.698293 -25.171100 40.334978 -90.000000 -13.564296 3.310000 
1.063742 0.166601 -2.843658 -5.312032 -24.647911 36.477218 -90.000000 -14.417090 3.320000 
1.034068 0.115305 -3.090910 -4.950808 -24.505966 34.440514 -90.000000 -14.893146 3.330000 
1.001932 0.067500 -3.335880 -4.613504 -24.290922 32.123564 -90.000000 -15.450191 3.340000 
0.967357 0.022957 -3.578976 -4.298011 -24.292853 30.815517 -90.000000 -15.815121 3.350000 
0.930359 -0.018535 -3.820446 -4.003428 -24.109782 28.600454 -90.000000 -16.427471 3.360000 
0.890951 -0.057175 -4.060966 -3.727276 -23.870234 26.021058 -90.000000 -17.181317 3.370000 
0.849141 -0.093141 -4.300875 -3.469016 -23.722924 23.735236 -90.000000 -17.932910 3.380000 
0.805248 -0.126917 -4.406872 -3.329940 8.298014 11.621925 -1.171578 -2.584260 3.390000 
0.761722 -0.159362 -4.290791 -3.143821 12.680551 21.344658 17.388465 4.321048 3.400000 
0.719465 -0.189735 -4.160258 -2.931392 13.174742 20.891909 18.099850 5.202514 3.410000 
0.678518 -0.218017 -4.029761 -2.726630 11.560376 19.808310 12.421889 4.654279 3.420000 
0.638841 -0.244330 -3.905579 -2.537738 11.445936 18.472814 11.142150 4.876644 3.430000 
0.600395 -0.268810 -3.783687 -2.359628 11.422217 17.364371 10.379766 5.227578 3.440000 
0.563141 -0.291574 -3.666584 -2.194168 10.988072 16.187936 8.553129 5.311606 3.450000 
0.527042 -0.312738 -3.552830 -2.039568 11.258991 15.106089 8.893873 5.793277 3.460000 
0.492058 -0.332409 -3.443511 -1.895684 10.251143 14.176846 5.837269 5.629858 3.470000 
0.458158 -0.350684 -3.335993 -1.760133 10.025783 13.449309 5.178182 5.938965 3.480000 
0.425304 -0.367654 -3.234329 -1.635250 10.453503 12.108156 6.111735 6.323705 3.490000 
0.393466 -0.383409 -3.133615 -1.516812 9.435391 11.617828 3.546444 6.267252 3.500000 
0.362611 -0.398023 -3.037502 -1.407268 9.395202 10.670337 3.526094 6.508044 3.510000 
0.332710 -0.411575 -2.942856 -1.304089 8.498514 10.414132 1.557883 6.559217 3.520000 
0.303733 -0.424130 -2.852538 -1.208155 8.874612 9.303770 2.698345 6.890524 3.530000 
0.275654 -0.435757 -2.763624 -1.118029 8.627835 8.848309 2.496623 7.135574 3.540000 
0.248443 -0.446513 -2.678605 -1.034238 8.637184 8.040653 2.855487 7.344937 3.550000 
0.222076 -0.456457 -2.595217 -0.955190 7.765545 7.762964 1.117891 7.311491 3.560000 
0.196524 -0.465640 -2.515122 -0.882198 7.442729 7.384629 0.839333 7.476236 3.570000 
0.171767 -0.474115 -2.436446 -0.813121 6.912105 7.105895 0.065804 7.561926 3.580000 
0.147777 -0.481924 -2.361399 -0.749237 7.252850 6.281732 1.383495 7.823231 3.590000 
0.124528 -0.489116 -2.288167 -0.689718 6.738018 6.201232 0.768834 7.945081 3.600000 
0.102001 -0.495728 -2.217413 -0.633616 6.683629 5.573124 1.133712 8.054743 3.610000 
0.080172 -0.501801 -2.148552 -0.581416 6.707657 5.108721 1.781446 8.239827 3.620000 
0.059025 -0.507368 -2.081113 -0.532446 6.591790 4.828275 2.137975 8.411656 3.630000 
0.038536 -0.512461 -2.016379 -0.486756 5.999444 4.733476 1.316998 8.421188 3.640000 
0.018686 -0.517113 -1.953467 -0.444168 6.282916 4.138041 2.577330 8.618446 3.650000 
-0.000544 -0.521353 -1.892481 -0.404360 5.426085 4.333286 1.178450 8.587463 3.660000 
-0.019178 -0.525208 -1.833201 -0.367382 5.223291 4.217672 1.354665 8.715908 3.670000 
-0.037226 -0.528704 -1.776199 -0.332499 5.309068 3.632932 2.071511 8.782801 3.680000 
-0.054708 -0.531865 -1.720558 -0.299835 5.103790 3.314044 2.129448 8.807148 3.690000 
-0.071643 -0.534712 -1.666359 -0.269987 5.322887 3.033114 3.302732 9.016553 3.700000 
-0.088045 -0.537268 -1.614143 -0.241547 5.006221 2.827017 3.092545 9.008691 3.710000 
-0.103930 -0.539551 -1.562927 -0.215213 4.435812 3.033354 2.384431 9.032641 3.720000 
-0.119315 -0.541579 -1.514133 -0.190679 4.616525 2.515900 3.311573 9.102219 3.730000 
-0.134216 -0.543371 -1.465921 -0.167913 4.763772 2.241622 4.240222 9.237073 3.740000 
-0.148645 -0.544942 -1.419904 -0.146487 4.249090 2.286865 3.564896 9.194850 3.750000 
-0.162617 -0.546307 -1.374507 -0.126685 4.608178 1.829398 4.935623 9.333771 3.760000 
-0.176146 -0.547480 -1.331123 -0.108314 4.101871 2.030342 4.318530 9.335038 3.770000 
-0.189246 -0.548475 -1.288553 -0.091191 4.241043 1.753393 5.162018 9.428878 3.780000 
-0.201928 -0.549303 -1.247400 -0.074999 4.134164 1.563853 5.386375 9.441969 3.790000 
-0.214205 -0.549976 -1.207716 -0.060079 3.513654 1.874223 4.472305 9.412427 3.800000 
-0.226089 -0.550506 -1.168984 -0.046245 3.835400 1.412052 5.664540 9.493766 3.810000 
-0.237592 -0.550901 -1.131430 -0.033202 3.458914 1.506201 5.262122 9.475826 3.820000 
-0.248726 -0.551172 -1.095339 -0.021178 3.445873 1.271226 5.649638 9.485183 3.830000 
-0.259502 -0.551328 -1.059769 -0.010096 3.225994 1.350629 5.618006 9.516827 3.840000 
-0.269930 -0.551376 -1.025530 0.000111 3.178228 1.271376 5.951562 9.557672 3.850000 
-0.280019 -0.551326 -0.992107 0.009770 2.862777 1.389432 5.658247 9.552291 3.860000 
-0.289781 -0.551182 -0.960000 0.018699 2.853301 1.203883 6.016915 9.560361 3.870000 
-0.299225 -0.550952 -0.928737 0.026888 2.752240 1.159243 6.183305 9.576772 3.880000 
-0.308359 -0.550645 -0.898061 0.034604 2.627142 1.131859 6.280465 9.585287 3.890000 
-0.317197 -0.550262 -0.869135 0.041625 2.899839 0.668273 7.213098 9.598181 3.900000 
-0.325742 -0.549814 -0.840019 0.048094 2.341301 1.151554 6.373528 9.601941 3.910000 
-0.334008 -0.549301 -0.812843 0.054153 2.530944 0.758197 7.093748 9.597954 3.920000 
-0.342001 -0.548732 -0.785894 0.059672 2.542493 0.631280 7.451593 9.613041 3.930000 
-0.349730 -0.548110 -0.759848 0.064727 2.576414 0.483296 7.846355 9.626703 3.940000 
-0.357200 -0.547439 -0.734330 0.069442 2.265903 0.690429 7.483925 9.620908 3.950000 
-0.364422 -0.546723 -0.709926 0.073706 2.237747 0.609390 7.721738 9.626677 3.960000 
-0.371403 -0.545966 -0.686135 0.077518 2.225046 0.562811 8.003154 9.649097 3.970000 
-0.378150 -0.545171 -0.663011 0.081125 2.169208 0.519314 8.162319 9.651723 3.980000 
-0.384668 -0.544342 -0.640531 0.084440 2.110283 0.470242 8.300129 9.648605 3.990000 
-0.390967 -0.543482 -0.618958 0.087516 2.155188 0.279400 8.637207 9.635556 4.000000 
-0.397049 -0.542593 -0.597588 0.090184 1.878771 0.524547 8.313153 9.642804 4.010000 
-0.402926 -0.541677 -0.577337 0.092598 1.815475 0.513163 8.424718 9.644954 4.020000 
-0.408601 -0.540739 -0.557519 0.094878 2.082666 0.102079 9.217099 9.640697 4.030000 
-0.414080 -0.539779 -0.538240 0.096880 2.023811 0.086644 9.319395 9.639795 4.040000 
-0.419370 -0.538800 -0.519569 0.098666 1.961618 0.077812 9.406602 9.638136 4.050000 
-0.424476 -0.537805 -0.501391 0.100300 1.556891 0.449968 8.754324 9.626939 4.060000 
-0.429403 -0.536794 -0.483883 0.101710 1.614407 0.313727 9.081526 9.626830 4.070000 
-0.434158 -0.535769 -0.466932 0.102997 1.769006 0.043605 9.596315 9.618201 4.080000 
-0.438745 -0.534733 -0.450293 0.104045 1.385015 0.438563 8.982364 9.619434 4.090000 
-0.443170 -0.533686 -0.434484 0.105143 1.507211 0.165129 9.394843 9.592949 4.100000 
-0.447436 -0.532631 -0.418710 0.105792 1.660055 -0.006470 9.924165 9.616199 4.110000 
-0.451550 -0.531568 -0.403806 0.106528 1.344008 0.276323 9.415832 9.601457 4.120000 
-0.455515 -0.530498 -0.389452 0.107102 1.490009 0.031259 9.880673 9.592473 4.130000 
-0.459337 -0.529424 -0.375076 0.107606 1.438812 0.023006 9.925073 9.583865 4.140000 
-0.463019 -0.528345 -0.361201 0.107897 1.275001 0.191621 9.744477 9.590027 4.150000 
-0.466566 -0.527264 -0.347901 0.108220 1.152171 0.254323 9.618409 9.574086 4.160000 
-0.469981 -0.526179 -0.335031 0.108416 1.175882 0.162180 9.802616 9.564335 4.170000 
-0.473269 -0.525093 -0.322812 0.108524 1.224872 0.038965 10.033315 9.553361 4.180000 
-0.476434 -0.524008 -0.310272 0.108496 1.173445 0.075863 10.064622 9.556662 4.190000 
-0.479480 -0.522922 -0.298516 0.108398 1.216157 -0.012304 10.282481 9.554423 4.200000 
-0.482410 -0.521837 -0.287110 0.108315 1.073275 0.105006 10.097280 9.545492 4.210000 
-0.485227 -0.520753 -0.276144 0.108191 1.126770 -0.031241 10.311243 9.528971 4.220000 
-0.487936 -0.519672 -0.265338 0.107928 0.969541 0.130826 10.097066 9.528689 4.230000 
-0.490538 -0.518593 -0.255009 0.107734 0.986788 0.027917 10.219858 9.507227 4.240000 
-0.493038 -0.517517 -0.244868 0.107405 0.990460 -0.020637 10.325887 9.499199 4.250000 
-0.495439 -0.516445 -0.235076 0.106951 0.862449 0.129093 10.167977 9.505254 4.260000 
-0.497743 -0.515376 -0.225854 0.106582 0.956844 -0.053372 10.444177 9.487002 4.270000 
-0.499954 -0.514312 -0.216494 0.106086 0.950565 -0.065555 10.526080 9.486393 4.280000 
-0.502076 -0.513253 -0.207557 0.105595 0.901741 -0.041213 10.507653 9.479849 4.290000 
-0.504109 -0.512199 -0.198930 0.105085 0.855822 -0.023768 10.489528 9.471567 4.300000 
-0.506058 -0.511150 -0.190569 0.104549 0.801022 0.004501 10.448620 9.462851 4.310000 
-0.507923 -0.510107 -0.182333 0.103889 0.829396 -0.036825 10.592166 9.465115 4.320000 
-0.509709 -0.509070 -0.174528 0.103362 0.634219 0.153598 10.244949 9.452606 4.330000 
-0.511417 -0.508038 -0.167021 0.102840 0.700808 -0.002009 10.430858 9.429135 4.340000 
-0.513051 -0.507013 -0.159547 0.102098 0.701967 0.003359 10.512119 9.435297 4.350000 
-0.514611 -0.505995 -0.152320 0.101387 0.549778 0.187367 10.264410 9.438246 4.360000 
-0.516132 -0.504979 -0.152079 0.101562 3.802771 -4.164785 16.988288 9.296698 4.370000 
-0.517569 -0.503990 -0.138904 0.099684 0.616551 0.218583 10.591585 9.485306 4.380000 
-0.518924 -0.502993 -0.132063 0.099479 0.496743 0.139692 10.301903 9.405226 4.390000 
-0.520213 -0.502001 -0.125746 0.098726 0.613596 -0.031270 10.593685 9.396927 4.400000 
-0.521442 -0.501017 -0.119711 0.098049 0.534241 0.031725 10.468184 9.386305 4.410000 
-0.522610 -0.500040 -0.113693 0.097155 0.635046 -0.080749 10.737957 9.391880 4.420000 
-0.523746 -0.499068 -0.113540 0.097207 3.142816 -3.492471 15.898252 9.268172 4.430000 
-0.524812 -0.498119 -0.102632 0.095466 0.592709 0.060612 10.789732 9.427368 4.440000 
-0.525810 -0.497165 -0.096923 0.095003 0.553735 -0.058442 10.678212 9.367130 4.450000 
-0.526779 -0.496214 -0.096830 0.095096 2.869853 -3.272150 15.413767 9.232448 4.460000 
-0.527684 -0.495286 -0.086941 0.093261 0.477122 0.116448 10.638471 9.398031 4.470000 
-0.528528 -0.494354 -0.081866 0.092777 0.469863 -0.022757 10.594289 9.344007 4.480000 
-0.529323 -0.493430 -0.077074 0.091990 0.423164 0.016934 10.523782 9.337557 4.490000 
-0.530093 -0.492509 -0.076701 0.091727 2.404560 -2.672272 14.601025 9.247169 4.500000 
-0.530807 -0.491610 -0.068159 0.090205 0.444166 0.072647 10.670556 9.367246 4.510000 
-0.531467 -0.490710 -0.063721 0.089663 0.405082 -0.014745 10.556224 9.317092 4.520000 
-0.532103 -0.489813 -0.063364 0.089390 2.174681 -2.438526 14.186358 9.230052 4.530000 
-0.532688 -0.488936 -0.055678 0.087977 0.402479 0.031443 10.623527 9.331642 4.540000 
-0.533244 -0.488056 -0.055309 0.087755 2.101459 -2.340418 14.086625 9.232764 4.550000 
-0.533750 -0.487194 -0.047959 0.086413 0.394557 0.019719 10.642874 9.321993 4.560000 
-0.534229 -0.486329 -0.047872 0.086480 2.109437 -2.482918 14.085922 9.183515 4.570000 
-0.534662 -0.485483 -0.040794 0.084987 0.365147 -0.017927 10.586035 9.292521 4.580000 
-0.535069 -0.484632 -0.040031 0.084353 1.627831 -1.673932 13.208717 9.259486 4.590000 
-0.535431 -0.483800 -0.033856 0.083471 0.235862 0.109086 10.331456 9.277333 4.600000 
-0.535754 -0.482968 -0.030659 0.082827 0.275151 -0.011545 10.393873 9.249387 4.610000 
-0.536060 -0.482140 -0.030571 0.082870 1.741755 -2.197460 13.313787 9.116342 4.620000 
-0.536328 -0.481329 -0.024718 0.081130 0.306545 -0.007165 10.501809 9.261850 4.630000 
-0.536574 -0.480517 -0.024575 0.081132 1.667658 -2.047514 13.204961 9.134841 4.640000 
-0.536784 -0.479722 -0.018970 0.079618 0.280649 0.006125 10.455612 9.251020 4.650000 
-0.536973 -0.478925 -0.018874 0.079671 1.564295 -1.952693 12.987329 9.119215 4.660000 
-0.537128 -0.478144 -0.013651 0.078095 0.232568 0.054691 10.361057 9.242553 4.670000 
-0.537252 -0.477365 -0.011080 0.077489 0.269447 -0.073910 10.403833 9.210054 4.680000 
-0.537362 -0.476590 -0.011014 0.077519 1.414851 -1.834617 12.654522 9.088515 4.690000 
-0.537442 -0.475830 -0.006318 0.075942 0.240389 -0.017121 10.356417 9.212815 4.700000 
-0.537505 -0.475071 -0.006232 0.075981 1.330859 -1.719684 12.485297 9.087974 4.710000 
-0.537539 -0.474325 -0.001823 0.074454 0.239952 -0.025383 10.351067 9.204590 4.720000 
-0.537557 -0.473580 -0.001740 0.074498 1.242687 -1.610244 12.298000 9.083091 4.730000 
-0.537547 -0.472850 0.002427 0.073026 0.188737 0.026682 10.233665 9.194804 4.740000 
-0.537523 -0.472119 0.002502 0.073067 1.132366 -1.484877 12.054705 9.073440 4.750000 
-0.537473 -0.471402 0.006280 0.071734 0.255618 -0.118147 10.337114 9.167071 4.760000 
-0.537410 -0.470684 0.006319 0.071751 1.102518 -1.502206 11.956823 9.048279 4.770000 
-0.537323 -0.469980 0.009887 0.070351 0.194806 -0.069694 10.184782 9.151005 4.780000 
-0.537224 -0.469276 0.009954 0.070370 1.031625 -1.431329 11.786378 9.036201 4.790000 
-0.537103 -0.468586 0.013277 0.068974 0.174475 -0.057502 10.120558 9.140121 4.800000 
-0.536969 -0.467896 0.013349 0.068991 0.956484 -1.345944 11.607948 9.027182 4.810000 
-0.536816 -0.467219 0.016427 0.067621 0.167425 -0.064029 10.080052 9.128328 4.820000 
-0.536651 -0.466543 0.016485 0.067635 0.895406 -1.277089 11.456422 9.018353 4.830000 
-0.536467 -0.465879 0.019351 0.066297 0.151972 -0.059164 10.019413 9.116638 4.840000 
-0.536274 -0.465216 0.019414 0.066308 0.831528 -1.206163 11.295498 9.008741 4.850000 
-0.536062 -0.464565 0.022091 0.064973 0.146244 -0.059207 9.979833 9.107503 4.860000 
-0.535841 -0.463915 0.022132 0.064983 0.769321 -1.127306 11.140082 9.002588 4.870000 
-0.535604 -0.463276 0.024588 0.063696 0.119924 -0.037121 9.892841 9.096751 4.880000 
-0.535354 -0.462639 0.025285 0.063740 0.419421 -0.709722 10.368379 8.986338 4.890000 
-0.535091 -0.462011 0.026970 0.062428 0.107742 -0.039637 9.829743 9.083394 4.900000 
-0.534822 -0.461387 0.027006 0.062429 0.644780 -0.984056 10.814760 8.984279 4.910000 
-0.534538 -0.460773 0.029083 0.061186 0.130387 -0.077662 9.841570 9.073178 4.920000 
-0.534247 -0.460161 0.029113 0.061188 0.619249 -0.954726 10.727829 8.976516 4.930000 
-0.533943 -0.459559 0.031045 0.060013 0.122373 -0.094389 9.779116 9.056371 4.940000 
-0.533632 -0.458959 0.031082 0.060009 0.589814 -0.937649 10.622791 8.962306 4.950000 
-0.533310 -0.458369 0.032888 0.058820 0.113470 -0.092084 9.721340 9.046029 4.960000 
-0.532981 -0.457781 0.032924 0.058814 0.546870 -0.886561 10.495595 8.954122 4.970000 
-0.532640 -0.457202 0.034582 0.057666 0.103294 -0.091912 9.657451 9.034221 4.980000 
-0.532294 -0.456626 0.034622 0.057654 0.507474 -0.845140 10.371759 8.943932 4.990000 
-0.531938 -0.456059 0.036139 0.056536 0.094455 -0.093536 9.594753 9.022302 5.000000 
-0.531576 -0.455493 0.036196 0.056512 0.465903 -0.798832 10.242853 8.934402 5.010000 
-0.531199 -0.454950 0.038604 0.053638 -0.587489 1.531586 8.484057 9.290749 5.020000 
-0.530818 -0.454399 0.038282 0.054928 0.055876 -0.050176 9.451045 9.009205 5.030000 
-0.530435 -0.453850 0.038304 0.054918 0.396400 -0.714360 10.034320 8.922072 5.040000 
-0.530040 -0.453319 0.040646 0.051513 -0.635634 1.742295 8.391609 9.333898 5.050000 
-0.529640 -0.452785 0.040127 0.053298 0.042326 -0.026777 9.362543 9.000395 5.060000 
-0.529239 -0.452252 0.040138 0.053294 0.337606 -0.620661 9.856304 8.917953 5.070000 
-0.528827 -0.451734 0.041979 0.050660 -0.441248 1.216047 8.602730 9.220923 5.080000 
-0.528412 -0.451214 0.041689 0.051789 0.052874 -0.067247 9.306503 8.979413 5.090000 
-0.527995 -0.450697 0.041700 0.051782 0.313158 -0.609737 9.729530 8.899503 5.100000 
-0.527569 -0.450194 0.043411 0.049094 -0.500609 1.349734 8.439316 9.230444 5.110000 
-0.527139 -0.449690 0.043070 0.050266 0.037305 -0.044440 9.207892 8.969261 5.120000 
-0.526708 -0.449187 0.043083 0.050255 0.271246 -0.551676 9.575942 8.889998 5.130000 
-0.526269 -0.448699 0.044588 0.047697 -0.466639 1.266457 8.423092 9.204382 5.140000 
-0.525828 -0.448210 0.044219 0.048855 0.058320 -0.108513 9.165064 8.944481 5.150000 
-0.525386 -0.447721 0.044237 0.048827 0.257251 -0.556653 9.466128 8.870481 5.160000 
-0.524941 -0.447237 0.044460 0.048422 0.325762 -0.692307 9.563247 8.849446 5.170000 
-0.524491 -0.446761 0.045285 0.047242 0.026832 -0.025830 9.048881 8.948649 5.180000 
-0.524038 -0.446289 0.045294 0.047231 0.202947 -0.447083 9.300644 8.873827 5.190000 
-0.523579 -0.445828 0.046302 0.045348 -0.282769 0.770757 8.543224 9.086568 5.200000 
-0.523119 -0.445368 0.046193 0.045745 0.020998 -0.027584 8.960370 8.933988 5.210000 
-0.522657 -0.444910 0.046193 0.045750 0.140865 -0.325831 9.118239 8.877713 5.220000 
-0.522192 -0.444460 0.046695 0.044808 -0.034604 0.102199 8.823352 8.947701 5.230000 
-0.521725 -0.444012 0.046695 0.044810 0.113634 -0.279313 9.018045 8.874397 5.240000 
-0.521256 -0.443567 0.046852 0.044457 0.149375 -0.373149 9.045506 8.853226 5.250000 
-0.520787 -0.443125 0.046962 0.044196 0.209212 -0.536571 9.104916 8.817998 5.260000 
-0.520312 -0.442696 0.047732 0.042412 -0.214884 0.587697 8.469049 9.025033 5.270000 
-0.519836 -0.442267 0.047588 0.042752 0.016165 -0.044138 8.768024 8.899406 5.280000 
-0.519360 -0.441840 0.047594 0.042733 0.122569 -0.351855 8.884334 8.833438 5.290000 
-0.518884 -0.441414 0.047681 0.042460 0.169460 -0.492830 8.919111 8.800334 5.300000 
-0.518406 -0.440993 0.047800 0.042084 0.179527 -0.533129 8.902226 8.786644 5.310000 
-0.517924 -0.440585 0.048590 0.039744 -0.307274 0.866481 8.227917 9.064391 5.320000 
-0.517439 -0.440183 0.048406 0.040269 -0.110738 0.274591 8.452164 8.937219 5.330000 
-0.516956 -0.439779 0.048327 0.040401 0.021529 -0.119823 8.596708 8.851893 5.340000 
-0.516472 -0.439377 0.048388 0.039864 0.026893 -0.090677 8.599972 8.861436 5.350000 
-0.515989 -0.438979 0.048392 0.039846 0.092023 -0.322949 8.640223 8.803629 5.360000 
-0.515504 -0.438583 0.048485 0.039425 0.080427 -0.310248 8.589762 8.799074 5.370000 
-0.515018 -0.438194 0.048664 0.038388 -0.031741 0.078887 8.446852 8.884566 5.380000 
-0.514532 -0.437810 0.048659 0.038399 0.018877 -0.127549 8.460053 8.829359 5.390000 
-0.514045 -0.437428 0.048669 0.038197 0.050510 -0.251010 8.461462 8.795527 5.400000 
-0.513558 -0.437050 0.048755 0.037289 -0.026518 0.061234 8.376946 8.869573 5.410000 
-0.513070 -0.436677 0.048749 0.037285 0.019502 -0.148674 8.375976 8.810947 5.420000 
-0.512583 -0.436305 0.048754 0.037122 0.045308 -0.279033 8.358277 8.771839 5.430000 
-0.512095 -0.435939 0.048794 0.036142 -0.028113 0.059036 8.295935 8.857066 5.440000 
-0.511607 -0.435578 0.048789 0.036143 0.003933 -0.123143 8.270358 8.801974 5.450000 
-0.511119 -0.435217 0.048776 0.035972 0.023874 -0.233475 8.246338 8.767442 5.460000 
-0.510632 -0.434859 0.048770 0.035810 0.038494 -0.344563 8.207535 8.730094 5.470000 
-0.510144 -0.434504 0.048769 0.035476 0.031109 -0.353168 8.158193 8.719801 5.480000 
-0.509656 -0.434153 0.048750 0.034966 0.011309 -0.271978 8.118237 8.736498 5.490000 
-0.509169 -0.433811 0.048675 0.033548 -0.064432 0.217295 8.122297 8.876050 5.500000 
-0.508682 -0.433475 0.048666 0.033591 -0.056388 0.114694 8.069881 8.838735 5.510000 
-0.508196 -0.433139 0.048627 0.033600 -0.030051 -0.060557 8.032169 8.783550 5.520000 
-0.507710 -0.432803 0.048593 0.033483 -0.018838 -0.169968 7.985025 8.745261 5.530000 
-0.507225 -0.432472 0.048441 0.032741 -0.013292 -0.018917 8.047454 8.799779 5.540000 
-0.506741 -0.432145 0.048436 0.032728 -0.012283 -0.141805 7.966293 8.751686 5.550000 
-0.506256 -0.431819 0.048397 0.032524 -0.014916 -0.194759 7.908790 8.727490 5.560000 
-0.505773 -0.431499 0.048225 0.031538 -0.031947 0.074375 7.966914 8.814508 5.570000 
-0.505291 -0.431183 0.048219 0.031550 -0.036737 -0.024333 7.881742 8.772537 5.580000 
-0.504810 -0.430869 0.048079 0.031200 -0.013701 -0.042294 7.910778 8.773552 5.590000 
-0.504329 -0.430558 0.048029 0.031040 -0.018645 -0.102658 7.843651 8.745584 5.600000 
-0.503849 -0.430248 0.048014 0.030979 -0.030714 -0.189279 7.744588 8.704562 5.610000 
-0.503369 -0.429940 0.047963 0.030775 -0.042659 -0.228565 7.668600 8.680957 5.620000 
-0.502891 -0.429636 0.047751 0.030014 -0.035265 -0.072576 7.739007 8.738280 5.630000 
-0.502413 -0.429336 0.047740 0.029984 -0.051018 -0.145810 7.636512 8.700426 5.640000 
-0.501936 -0.429038 0.047636 0.029683 -0.054541 -0.149803 7.600506 8.693854 5.650000 
-0.501460 -0.428742 0.047600 0.029577 -0.071567 -0.209080 7.501301 8.660513 5.660000 
-0.500986 -0.428452 0.047224 0.028553 -0.018286 0.011094 7.727438 8.763533 5.670000 
-0.500514 -0.428167 0.047217 0.028544 -0.043304 -0.058484 7.601826 8.722618 5.680000 
-0.500042 -0.427882 0.047152 0.028393 -0.058749 -0.097300 7.516988 8.697591 5.690000 
-0.499571 -0.427599 0.047101 0.028273 -0.078383 -0.142891 7.417534 8.668060 5.700000 
-0.499102 -0.427319 0.046852 0.027696 -0.048820 -0.065960 7.510700 8.707192 5.710000 
-0.497009 -0.427642 0.371578 -0.091794 32.485111 -11.837653 90.000000 20.000000 5.720000 
-0.491666 -0.429145 0.696679 -0.208094 32.540969 -11.376053 90.000000 20.000000 5.730000 
-0.483070 -0.431784 1.022517 -0.318335 32.632106 -10.624502 90.000000 20.000000 5.740000 
-0.471211 -0.435482 1.349431 -0.419579 32.755799 -9.574742 90.000000 20.000000 5.750000 
-0.456075 -0.440136 1.676832 -0.507618 27.624047 -1.355928 78.988449 20.000000 5.760000 
-0.439020 -0.443849 1.693203 -0.181635 -4.481211 40.571646 11.714702 20.000000 5.770000 
-0.422328 -0.443615 1.644957 0.228601 -4.786271 40.993730 10.908101 20.000000 5.780000 
-0.406119 -0.439276 1.596998 0.639139 -4.491962 40.720987 11.565781 20.000000 5.790000 
-0.390382 -0.430834 1.550326 1.049560 -4.685933 41.174067 11.419400 20.000000 5.800000 
-0.375105 -0.418284 1.504974 1.460730 -4.353415 41.031861 12.580258 20.000000 5.810000 
-0.360277 -0.401614 1.460776 1.873829 -4.399350 41.489183 13.164294 20.000000 5.820000 
-0.345886 -0.380797 1.417528 2.290142 -4.252719 41.793235 14.355764 20.000000 5.830000 
-0.331922 -0.355797 1.375233 2.710747 -4.055451 42.134072 15.855287 20.000000 5.840000 
-0.318374 -0.326566 1.334099 3.136488 -3.641817 42.275470 17.994765 20.000000 5.850000 
-0.305232 -0.293050 1.295117 3.564021 -0.878710 27.303043 18.728627 15.690334 5.860000 
-0.292265 -0.257690 1.290335 3.449286 -2.743384 -21.074404 -14.675245 -3.421967 5.870000 
-0.279518 -0.224292 1.257847 3.229109 -3.555989 -20.994834 -19.328867 -4.188549 5.880000 
-0.267114 -0.193072 1.223009 3.016861 -3.480013 -20.056636 -20.761928 -4.134589 5.890000 
-0.255057 -0.163917 1.188636 2.816683 -3.424941 -18.466296 -21.663006 -3.843171 5.900000 
-0.243338 -0.136693 1.155134 2.629965 -3.316577 -17.584274 -22.628005 -3.768753 5.910000 
-0.231951 -0.111279 1.122399 2.455235 -3.202632 -16.398995 -23.221384 -3.567467 5.920000 
-0.220886 -0.087550 1.090721 2.292457 -3.126080 -15.362626 -23.860278 -3.431735 5.930000 
-0.210134 -0.065398 1.059692 2.139356 -3.082191 -13.587122 -23.999479 -3.033458 5.940000 
-0.199687 -0.044717 1.029967 1.998749 -2.933897 -13.784413 -24.938741 -3.281224 5.950000 
-0.189535 -0.025409 1.000594 1.864725 -2.918337 -12.955532 -25.534669 -3.224904 5.960000 
-0.179672 -0.007391 0.972048 1.740303 -2.785515 -11.738652 -25.426662 -2.939592 5.970000 
-0.170091 0.009423 0.944711 1.625121 -2.717531 -11.317578 -25.942978 -2.976744 5.980000 
-0.160782 0.025112 0.917647 1.515624 -2.665749 -10.356999 -26.085375 -2.815547 5.990000 
-0.151737 0.039754 0.891478 1.414000 -2.554076 -9.494000 -26.036910 -2.640213 6.000000 
-0.142950 0.053411 0.865979 1.318652 -2.478005 -8.797345 -26.146050 -2.538980 6.010000 
-0.134414 0.066146 0.841102 1.228957 -2.433703 -7.787079 -26.088164 -2.334089 6.020000 
-0.126123 0.078022 0.817156 1.145977 -2.425204 -7.706078 -26.713407 -2.484886 6.030000 
-0.118067 0.089098 0.794091 1.069446 -2.295449 -7.471123 -26.815906 -2.488643 6.040000 
-0.110240 0.099423 0.771247 0.996400 -2.230350 -7.046935 -26.952802 -2.457723 6.050000 
-0.102637 0.109050 0.749562 0.929342 -2.085483 -6.224245 -26.530828 -2.218249 6.060000 
-0.095248 0.118022 0.728239 0.865969 -2.025409 -5.818534 -26.623163 -2.181376 6.070000 
-0.088072 0.126376 0.707856 0.807537 -2.057020 -5.745742 -27.198720 -2.322165 6.080000 
-0.081098 0.134161 0.687733 0.752160 -1.939627 -5.218093 -26.969145 -2.186677 6.090000 
-0.074322 0.141411 0.668227 0.700488 -1.966520 -5.097406 -27.445195 -2.293135 6.100000 
-0.067737 0.148168 0.649031 0.651619 -1.778717 -4.509664 -26.902083 -2.073450 6.110000 
-0.061339 0.154456 0.630580 0.606362 -1.886658 -4.504478 -27.667181 -2.266287 6.120000 
-0.055122 0.160307 0.612743 0.564188 -1.808131 -4.149496 -27.583733 -2.195795 6.130000 
-0.049082 0.165748 0.595376 0.524701 -1.679357 -3.789187 -27.318705 -2.082690 6.140000 
-0.043212 0.170810 0.578481 0.487746 -1.587323 -3.519649 -27.214016 -2.023138 6.150000 
-0.037508 0.175515 0.562153 0.453305 -1.553552 -3.271609 -27.290619 -2.007225 6.160000 
-0.031965 0.179888 0.546398 0.421389 -1.624274 -3.161581 -27.777382 -2.110551 6.170000 
-0.026578 0.183948 0.531426 0.392016 -1.601520 -2.927448 -27.867740 -2.098605 6.180000 
-0.021341 0.187723 0.516147 0.363387 -1.350288 -2.724483 -27.245859 -1.933176 6.190000 
-0.016252 0.191225 0.501555 0.337083 -1.224964 -2.602190 -27.064160 -1.881648 6.200000 
-0.011305 0.194474 0.487566 0.312715 -1.351580 -2.431890 -27.631885 -1.986158 6.210000 
-0.006496 0.197487 0.474006 0.289913 -1.299690 -2.249015 -27.615444 -1.956842 6.220000 
-0.001822 0.200278 0.460657 0.268467 -1.167589 -2.177456 -27.412934 -1.908257 6.230000 
0.002721 0.202863 0.447776 0.248481 -1.137644 -2.038043 -27.474985 -1.903644 6.240000 
0.007137 0.205254 0.435253 0.229902 -1.251823 -1.882519 -27.971791 -1.991992 6.250000 
0.011431 0.207466 0.423387 0.212760 -1.259814 -1.699737 -28.104047 -1.992529 6.260000 
0.015606 0.209511 0.411431 0.196298 -1.108512 -1.688729 -27.844876 -1.940454 6.270000 
0.019664 0.211397 0.400018 0.181101 -1.057737 -1.569750 -27.818874 -1.917322 6.280000 
0.023610 0.213136 0.388911 0.166888 -0.955875 -1.522353 -27.673673 -1.881714 6.290000 
0.027446 0.214739 0.378197 0.153783 -1.038778 -1.365932 -28.028821 -1.934809 6.300000 
0.031177 0.216214 0.367676 0.141373 -0.956192 -1.339886 -27.944841 -1.916083 6.310000 
0.034804 0.217570 0.357495 0.129895 -0.974384 -1.240262 -28.121033 -1.939775 6.320000 
0.038332 0.218814 0.347874 0.119282 -1.038115 -1.023589 -28.351834 -1.950950 6.330000 
0.041762 0.219955 0.338202 0.109018 -0.819536 -1.107392 -27.894635 -1.869776 6.340000 
0.045097 0.220997 0.329088 0.099963 -0.923458 -0.968091 -28.295306 -1.934126 6.350000 
0.048341 0.221949 0.320255 0.091209 -1.052594 -0.637413 -28.634208 -1.944560 6.360000 
0.051498 0.222819 0.311238 0.082961 -0.790058 -0.936671 -28.173160 -1.905790 6.370000 
0.054567 0.223608 0.302847 0.075482 -0.812631 -0.833748 -28.325038 -1.920732 6.380000 
0.057554 0.224327 0.294325 0.068305 -0.793677 -0.830578 -28.411144 -1.941204 6.390000 
0.060458 0.224975 0.286407 0.061557 -0.667140 -0.822609 -28.147461 -1.881944 6.400000 
0.063283 0.225559 0.278799 0.055427 -0.731033 -0.614823 -28.341111 -1.883597 6.410000 
0.066033 0.226084 0.271185 0.049819 -0.795199 -0.536852 -28.623550 -1.931753 6.420000 
0.068708 0.226554 0.263761 0.044405 -0.617708 -0.723530 -28.323078 -1.903645 6.430000 
0.071310 0.226973 0.256525 0.039464 -0.749523 -0.509417 -28.714790 -1.947649 6.440000 
0.073842 0.227343 0.249689 0.034731 -0.581539 -0.629197 -28.388602 -1.899456 6.450000 
0.076306 0.227668 0.242926 0.030507 -0.695496 -0.447652 -28.738939 -1.940513 6.460000 
0.078703 0.227950 0.236723 0.026442 -0.664890 -0.330415 -28.672373 -1.901166 6.470000 
0.081037 0.228197 0.230132 0.022850 -0.650337 -0.431012 -28.808499 -1.952140 6.480000 
0.083309 0.228406 0.224003 0.019204 -0.517319 -0.504042 -28.545392 -1.907668 6.490000 
0.085519 0.228581 0.217989 0.016060 -0.557509 -0.435384 -28.727917 -1.933756 6.500000 
0.087671 0.228725 0.212188 0.013037 -0.566651 -0.354769 -28.800155 -1.932486 6.510000 
0.089766 0.228841 0.206565 0.010250 -0.541175 -0.346425 -28.810890 -1.932232 6.520000 
0.091805 0.228929 0.201116 0.007646 -0.513351 -0.338266 -28.811337 -1.929592 6.530000 
0.093791 0.228992 0.195875 0.005325 -0.508583 -0.326021 -28.879228 -1.941146 6.540000 
0.095726 0.229033 0.190831 0.003181 -0.525563 -0.278985 -28.988720 -1.954752 6.550000 
0.097612 0.229052 0.185885 0.001125 -0.457392 -0.348344 -28.908142 -1.949669 6.560000 
0.099445 0.229052 0.180941 -0.000884 -0.501428 -0.204707 -29.029414 -1.945769 6.570000 
0.101230 0.229033 0.176091 -0.002726 -0.459622 -0.233039 -28.998164 -1.943113 6.580000 
0.102971 0.228997 0.171599 -0.004196 -0.479474 -0.218011 -29.129456 -1.967923 6.590000 
